1:  1 1 1 1
2:  2 2 2 2
3:  3 3 3 3 <
4:  4 4 4 4
5:  0 5 5 5 <
6:  1 6 6 6
7:  2 0 7 7 <
8:  3 1 8 8
9:  4 2 9 9
10:  0 3 10 10 <
11:  1 4 0 11
12:  2 5 1 12 <
13:  3 6 2 0
14:  4 0 3 1
15:  0 1 4 2
16:  1 2 5 3
17:  2 3 6 4 <
18:  3 4 7 5 <
19:  4 5 8 6
20:  0 6 9 7
21:  1 0 10 8
22:  2 1 0 9
23:  3 2 1 10 <
24:  4 3 2 11
25:  0 4 3 12 <
26:  1 5 4 0
27:  2 6 5 1
28:  3 0 6 2
29:  4 1 7 3
30:  0 2 8 4 <
31:  1 3 9 5
32:  2 4 10 6 <
33:  3 5 0 7 <
34:  4 6 1 8
35:  0 0 2 9
36:  1 1 3 10
37:  2 2 4 11
38:  3 3 5 12 <
39:  4 4 6 0
40:  0 5 7 1 <
41:  1 6 8 2
42:  2 0 9 3
43:  3 1 10 4
44:  4 2 0 5
45:  0 3 1 6 <
46:  1 4 2 7
47:  2 5 3 8 <
48:  3 6 4 9
49:  4 0 5 10
50:  0 1 6 11
51:  1 2 7 12
52:  2 3 8 0 <
53:  3 4 9 1
54:  4 5 10 2
55:  0 6 0 3
56:  1 0 1 4
57:  2 1 2 5
58:  3 2 3 6 <
59:  4 3 4 7
60:  0 4 5 8 <
61:  1 5 6 9
62:  2 6 7 10
63:  3 0 8 11
64:  4 1 9 12
65:  0 2 10 0 <
66:  1 3 0 1
67:  2 4 1 2
68:  3 5 2 3
69:  4 6 3 4
70:  0 0 4 5 <
71:  1 1 5 6
72:  2 2 6 7 <
73:  3 3 7 8 <
74:  4 4 8 9
75:  0 5 9 10
76:  1 6 10 11
77:  2 0 0 12 <
78:  3 1 1 0
79:  4 2 2 1
80:  0 3 3 2
81:  1 4 4 3
82:  2 5 5 4 <
83:  3 6 6 5
84:  4 0 7 6
85:  0 1 8 7
86:  1 2 9 8
87:  2 3 10 9 <
88:  3 4 0 10 <
89:  4 5 1 11
90:  0 6 2 12
91:  1 0 3 0
92:  2 1 4 1
93:  3 2 5 2
94:  4 3 6 3
95:  0 4 7 4 <
96:  1 5 8 5
97:  2 6 9 6
98:  3 0 10 7 <
99:  4 1 0 8
100:  0 2 1 9 <
101:  1 3 2 10
102:  2 4 3 11
103:  3 5 4 12 <
104:  4 6 5 0
105:  0 0 6 1 <
106:  1 1 7 2
107:  2 2 8 3 <
108:  3 3 9 4
109:  4 4 10 5
110:  0 5 0 6 <
111:  1 6 1 7
112:  2 0 2 8
113:  3 1 3 9
114:  4 2 4 10
115:  0 3 5 11
116:  1 4 6 12
117:  2 5 7 0 <
118:  3 6 8 1
119:  4 0 9 2
120:  0 1 10 3
121:  1 2 0 4
122:  2 3 1 5 <
123:  3 4 2 6
124:  4 5 3 7
125:  0 6 4 8
126:  1 0 5 9
127:  2 1 6 10
128:  3 2 7 11
129:  4 3 8 12
130:  0 4 9 0
131:  1 5 10 1
132:  2 6 0 2
133:  3 0 1 3 <
134:  4 1 2 4
135:  0 2 3 5 <
136:  1 3 4 6
137:  2 4 5 7 <
138:  3 5 6 8 <
139:  4 6 7 9
140:  0 0 8 10 <
141:  1 1 9 11
142:  2 2 10 12 <
143:  3 3 0 0 <
144:  4 4 1 1
145:  0 5 2 2
146:  1 6 3 3
147:  2 0 4 4 <
148:  3 1 5 5
149:  4 2 6 6
150:  0 3 7 7 <
151:  1 4 8 8
152:  2 5 9 9
153:  3 6 10 10
154:  4 0 0 11
155:  0 1 1 12
156:  1 2 2 0
157:  2 3 3 1 <
158:  3 4 4 2
159:  4 5 5 3
160:  0 6 6 4
161:  1 0 7 5
162:  2 1 8 6
163:  3 2 9 7
164:  4 3 10 8
165:  0 4 0 9 <
166:  1 5 1 10
167:  2 6 2 11
168:  3 0 3 12 <
169:  4 1 4 0
170:  0 2 5 1 <
171:  1 3 6 2
172:  2 4 7 3 <
173:  3 5 8 4 <
174:  4 6 9 5
175:  0 0 10 6 <
176:  1 1 0 7
177:  2 2 1 8 <
178:  3 3 2 9
179:  4 4 3 10
180:  0 5 4 11
181:  1 6 5 12
182:  2 0 6 0 <
183:  3 1 7 1
184:  4 2 8 2
185:  0 3 9 3
186:  1 4 10 4
187:  2 5 0 5 <
188:  3 6 1 6
189:  4 0 2 7
190:  0 1 3 8
191:  1 2 4 9
192:  2 3 5 10 <
193:  3 4 6 11
194:  4 5 7 12
195:  0 6 8 0
196:  1 0 9 1
197:  2 1 10 2
198:  3 2 0 3 <
199:  4 3 1 4
200:  0 4 2 5
201:  1 5 3 6
202:  2 6 4 7
203:  3 0 5 8 <
204:  4 1 6 9
205:  0 2 7 10 <
206:  1 3 8 11
207:  2 4 9 12
208:  3 5 10 0 <
209:  4 6 0 1
210:  0 0 1 2
211:  1 1 2 3
212:  2 2 3 4 <
213:  3 3 4 5 <
214:  4 4 5 6
215:  0 5 6 7 <
216:  1 6 7 8
217:  2 0 8 9 <
218:  3 1 9 10
219:  4 2 10 11
220:  0 3 0 12 <
221:  1 4 1 0
222:  2 5 2 1
223:  3 6 3 2
224:  4 0 4 3
225:  0 1 5 4
226:  1 2 6 5
227:  2 3 7 6 <
228:  3 4 8 7 <
229:  4 5 9 8
230:  0 6 10 9
231:  1 0 0 10
232:  2 1 1 11
233:  3 2 2 12
234:  4 3 3 0
235:  0 4 4 1 <
236:  1 5 5 2
237:  2 6 6 3
238:  3 0 7 4 <
239:  4 1 8 5
240:  0 2 9 6
241:  1 3 10 7
242:  2 4 0 8 <
243:  3 5 1 9 <
244:  4 6 2 10
245:  0 0 3 11
246:  1 1 4 12
247:  2 2 5 0 <
248:  3 3 6 1 <
249:  4 4 7 2
250:  0 5 8 3 <
251:  1 6 9 4
252:  2 0 10 5 <
253:  3 1 0 6
254:  4 2 1 7
255:  0 3 2 8
256:  1 4 3 9
257:  2 5 4 10 <
258:  3 6 5 11
259:  4 0 6 12
260:  0 1 7 0
261:  1 2 8 1
262:  2 3 9 2
263:  3 4 10 3 <
264:  4 5 0 4
265:  0 6 1 5
266:  1 0 2 6
267:  2 1 3 7
268:  3 2 4 8 <
269:  4 3 5 9
270:  0 4 6 10 <
271:  1 5 7 11
272:  2 6 8 12
273:  3 0 9 0
274:  4 1 10 1
275:  0 2 0 2
276:  1 3 1 3
277:  2 4 2 4
278:  3 5 3 5 <
279:  4 6 4 6
280:  0 0 5 7 <
281:  1 1 6 8
282:  2 2 7 9 <
283:  3 3 8 10 <
284:  4 4 9 11
285:  0 5 10 12 <
286:  1 6 0 0
287:  2 0 1 1 <
288:  3 1 2 2
289:  4 2 3 3
290:  0 3 4 4 <
291:  1 4 5 5
292:  2 5 6 6 <
293:  3 6 7 7
294:  4 0 8 8
295:  0 1 9 9
296:  1 2 10 10
297:  2 3 0 11
298:  3 4 1 12 <
299:  4 5 2 0
300:  0 6 3 1
301:  1 0 4 2
302:  2 1 5 3
303:  3 2 6 4 <
304:  4 3 7 5
305:  0 4 8 6 <
306:  1 5 9 7
307:  2 6 10 8
308:  3 0 0 9 <
309:  4 1 1 10
310:  0 2 2 11
311:  1 3 3 12
312:  2 4 4 0 <
313:  3 5 5 1 <
314:  4 6 6 2
315:  0 0 7 3 <
316:  1 1 8 4
317:  2 2 9 5
318:  3 3 10 6 <
319:  4 4 0 7
320:  0 5 1 8 <
321:  1 6 2 9
322:  2 0 3 10 <
323:  3 1 4 11
324:  4 2 5 12
325:  0 3 6 0 <
326:  1 4 7 1
327:  2 5 8 2
328:  3 6 9 3
329:  4 0 10 4
330:  0 1 0 5
331:  1 2 1 6
332:  2 3 2 7
333:  3 4 3 8 <
334:  4 5 4 9
335:  0 6 5 10
336:  1 0 6 11
337:  2 1 7 12
338:  3 2 8 0 <
339:  4 3 9 1
340:  0 4 10 2
341:  1 5 0 3
342:  2 6 1 4
343:  3 0 2 5
344:  4 1 3 6
345:  0 2 4 7 <
346:  1 3 5 8
347:  2 4 6 9 <
348:  3 5 7 10 <
349:  4 6 8 11
350:  0 0 9 12
351:  1 1 10 0
352:  2 2 0 1 <
353:  3 3 1 2
354:  4 4 2 3
355:  0 5 3 4 <
356:  1 6 4 5
357:  2 0 5 6 <
358:  3 1 6 7
359:  4 2 7 8
360:  0 3 8 9 <
361:  1 4 9 10
362:  2 5 10 11
363:  3 6 0 12
364:  4 0 1 0
365:  0 1 2 1
366:  1 2 3 2
367:  2 3 4 3 <
368:  3 4 5 4 <
369:  4 5 6 5
370:  0 6 7 6
371:  1 0 8 7
372:  2 1 9 8
373:  3 2 10 9 <
374:  4 3 0 10
375:  0 4 1 11
376:  1 5 2 12
377:  2 6 3 0
378:  3 0 4 1 <
379:  4 1 5 2
380:  0 2 6 3 <
381:  1 3 7 4
382:  2 4 8 5 <
383:  3 5 9 6
384:  4 6 10 7
385:  0 0 0 8 <
386:  1 1 1 9
387:  2 2 2 10
388:  3 3 3 11
389:  4 4 4 12
390:  0 5 5 0 <
391:  1 6 6 1
392:  2 0 7 2
393:  3 1 8 3
394:  4 2 9 4
395:  0 3 10 5 <
396:  1 4 0 6
397:  2 5 1 7 <
398:  3 6 2 8
399:  4 0 3 9
400:  0 1 4 10
401:  1 2 5 11
402:  2 3 6 12 <
403:  3 4 7 0 <
404:  4 5 8 1
405:  0 6 9 2
406:  1 0 10 3
407:  2 1 0 4
408:  3 2 1 5 <
409:  4 3 2 6
410:  0 4 3 7 <
411:  1 5 4 8
412:  2 6 5 9
413:  3 0 6 10 <
414:  4 1 7 11
415:  0 2 8 12 <
416:  1 3 9 0
417:  2 4 10 1 <
418:  3 5 0 2
419:  4 6 1 3
420:  0 0 2 4
421:  1 1 3 5
422:  2 2 4 6 <
423:  3 3 5 7 <
424:  4 4 6 8
425:  0 5 7 9 <
426:  1 6 8 10
427:  2 0 9 11
428:  3 1 10 12
429:  4 2 0 0
430:  0 3 1 1 <
431:  1 4 2 2
432:  2 5 3 3 <
433:  3 6 4 4
434:  4 0 5 5
435:  0 1 6 6
436:  1 2 7 7
437:  2 3 8 8 <
438:  3 4 9 9
439:  4 5 10 10
440:  0 6 0 11
441:  1 0 1 12
442:  2 1 2 0
443:  3 2 3 1 <
444:  4 3 4 2
445:  0 4 5 3 <
446:  1 5 6 4
447:  2 6 7 5
448:  3 0 8 6 <
449:  4 1 9 7
450:  0 2 10 8 <
451:  1 3 0 9
452:  2 4 1 10 <
453:  3 5 2 11
454:  4 6 3 12
455:  0 0 4 0 <
456:  1 1 5 1
457:  2 2 6 2
458:  3 3 7 3 <
459:  4 4 8 4
460:  0 5 9 5
461:  1 6 10 6
462:  2 0 0 7 <
463:  3 1 1 8
464:  4 2 2 9
465:  0 3 3 10 <
466:  1 4 4 11
467:  2 5 5 12 <
468:  3 6 6 0
469:  4 0 7 1
470:  0 1 8 2
471:  1 2 9 3
472:  2 3 10 4 <
473:  3 4 0 5 <
474:  4 5 1 6
475:  0 6 2 7
476:  1 0 3 8
477:  2 1 4 9
478:  3 2 5 10 <
479:  4 3 6 11
480:  0 4 7 12 <
481:  1 5 8 0
482:  2 6 9 1
483:  3 0 10 2
484:  4 1 0 3
485:  0 2 1 4 <
486:  1 3 2 5
487:  2 4 3 6 <
488:  3 5 4 7 <
489:  4 6 5 8
490:  0 0 6 9 <
491:  1 1 7 10
492:  2 2 8 11
493:  3 3 9 12
494:  4 4 10 0
495:  0 5 0 1 <
496:  1 6 1 2
497:  2 0 2 3
498:  3 1 3 4
499:  4 2 4 5
500:  0 3 5 6 <
501:  1 4 6 7
502:  2 5 7 8 <
503:  3 6 8 9
504:  4 0 9 10
505:  0 1 10 11
506:  1 2 0 12
507:  2 3 1 0 <
508:  3 4 2 1
509:  4 5 3 2
510:  0 6 4 3
511:  1 0 5 4
512:  2 1 6 5
513:  3 2 7 6 <
514:  4 3 8 7
515:  0 4 9 8
516:  1 5 10 9
517:  2 6 0 10
518:  3 0 1 11
519:  4 1 2 12
520:  0 2 3 0 <
521:  1 3 4 1
522:  2 4 5 2
523:  3 5 6 3 <
524:  4 6 7 4
525:  0 0 8 5 <
526:  1 1 9 6
527:  2 2 10 7 <
528:  3 3 0 8 <
529:  4 4 1 9
530:  0 5 2 10
531:  1 6 3 11
532:  2 0 4 12 <
533:  3 1 5 0
534:  4 2 6 1
535:  0 3 7 2
536:  1 4 8 3
537:  2 5 9 4
538:  3 6 10 5
539:  4 0 0 6
540:  0 1 1 7
541:  1 2 2 8
542:  2 3 3 9 <
543:  3 4 4 10 <
544:  4 5 5 11
545:  0 6 6 12
546:  1 0 7 0
547:  2 1 8 1
548:  3 2 9 2
549:  4 3 10 3
550:  0 4 0 4 <
551:  1 5 1 5
552:  2 6 2 6
553:  3 0 3 7 <
554:  4 1 4 8
555:  0 2 5 9 <
556:  1 3 6 10
557:  2 4 7 11
558:  3 5 8 12 <
559:  4 6 9 0
560:  0 0 10 1 <
561:  1 1 0 2
562:  2 2 1 3 <
563:  3 3 2 4
564:  4 4 3 5
565:  0 5 4 6 <
566:  1 6 5 7
567:  2 0 6 8 <
568:  3 1 7 9
569:  4 2 8 10
570:  0 3 9 11
571:  1 4 10 12
572:  2 5 0 0 <
573:  3 6 1 1
574:  4 0 2 2
575:  0 1 3 3
576:  1 2 4 4
577:  2 3 5 5 <
578:  3 4 6 6 <
579:  4 5 7 7
580:  0 6 8 8
581:  1 0 9 9
582:  2 1 10 10
583:  3 2 0 11
584:  4 3 1 12
585:  0 4 2 0
586:  1 5 3 1
587:  2 6 4 2
588:  3 0 5 3 <
589:  4 1 6 4
590:  0 2 7 5 <
591:  1 3 8 6
592:  2 4 9 7
593:  3 5 10 8 <
594:  4 6 0 9
595:  0 0 1 10 <
596:  1 1 2 11
597:  2 2 3 12 <
598:  3 3 4 0 <
599:  4 4 5 1
600:  0 5 6 2
601:  1 6 7 3
602:  2 0 8 4 <
603:  3 1 9 5
604:  4 2 10 6
605:  0 3 0 7 <
606:  1 4 1 8
607:  2 5 2 9
608:  3 6 3 10
609:  4 0 4 11
610:  0 1 5 12
611:  1 2 6 0
612:  2 3 7 1 <
613:  3 4 8 2
614:  4 5 9 3
615:  0 6 10 4
616:  1 0 0 5
617:  2 1 1 6
618:  3 2 2 7
619:  4 3 3 8
620:  0 4 4 9 <
621:  1 5 5 10
622:  2 6 6 11
623:  3 0 7 12 <
624:  4 1 8 0
625:  0 2 9 1
626:  1 3 10 2
627:  2 4 0 3 <
628:  3 5 1 4 <
629:  4 6 2 5
630:  0 0 3 6 <
631:  1 1 4 7
632:  2 2 5 8 <
633:  3 3 6 9 <
634:  4 4 7 10
635:  0 5 8 11
636:  1 6 9 12
637:  2 0 10 0 <
638:  3 1 0 1
639:  4 2 1 2
640:  0 3 2 3
641:  1 4 3 4
642:  2 5 4 5 <
643:  3 6 5 6
644:  4 0 6 7
645:  0 1 7 8
646:  1 2 8 9
647:  2 3 9 10
648:  3 4 10 11
649:  4 5 0 12
650:  0 6 1 0
651:  1 0 2 1
652:  2 1 3 2
653:  3 2 4 3 <
654:  4 3 5 4
655:  0 4 6 5 <
656:  1 5 7 6
657:  2 6 8 7
658:  3 0 9 8
659:  4 1 10 9
660:  0 2 0 10 <
661:  1 3 1 11
662:  2 4 2 12
663:  3 5 3 0 <
664:  4 6 4 1
665:  0 0 5 2
666:  1 1 6 3
667:  2 2 7 4 <
668:  3 3 8 5 <
669:  4 4 9 6
670:  0 5 10 7 <
671:  1 6 0 8
672:  2 0 1 9 <
673:  3 1 2 10
674:  4 2 3 11
675:  0 3 4 12 <
676:  1 4 5 0
677:  2 5 6 1 <
678:  3 6 7 2
679:  4 0 8 3
680:  0 1 9 4
681:  1 2 10 5
682:  2 3 0 6 <
683:  3 4 1 7 <
684:  4 5 2 8
685:  0 6 3 9
686:  1 0 4 10
687:  2 1 5 11
688:  3 2 6 12 <
689:  4 3 7 0
690:  0 4 8 1 <
691:  1 5 9 2
692:  2 6 10 3
693:  3 0 0 4 <
694:  4 1 1 5
695:  0 2 2 6
696:  1 3 3 7
697:  2 4 4 8 <
698:  3 5 5 9 <
699:  4 6 6 10
700:  0 0 7 11
701:  1 1 8 12
702:  2 2 9 0
703:  3 3 10 1 <
704:  4 4 0 2
705:  0 5 1 3 <
706:  1 6 2 4
707:  2 0 3 5 <
708:  3 1 4 6
709:  4 2 5 7
710:  0 3 6 8 <
711:  1 4 7 9
712:  2 5 8 10 <
713:  3 6 9 11
714:  4 0 10 12
715:  0 1 0 0
716:  1 2 1 1
717:  2 3 2 2
718:  3 4 3 3 <
719:  4 5 4 4
720:  0 6 5 5
721:  1 0 6 6
722:  2 1 7 7
723:  3 2 8 8 <
724:  4 3 9 9
725:  0 4 10 10 <
726:  1 5 0 11
727:  2 6 1 12
728:  3 0 2 0
729:  4 1 3 1
730:  0 2 4 2
731:  1 3 5 3
732:  2 4 6 4 <
733:  3 5 7 5 <
734:  4 6 8 6
735:  0 0 9 7
736:  1 1 10 8
737:  2 2 0 9 <
738:  3 3 1 10 <
739:  4 4 2 11
740:  0 5 3 12 <
741:  1 6 4 0
742:  2 0 5 1 <
743:  3 1 6 2
744:  4 2 7 3
745:  0 3 8 4 <
746:  1 4 9 5
747:  2 5 10 6 <
748:  3 6 0 7
749:  4 0 1 8
750:  0 1 2 9
751:  1 2 3 10
752:  2 3 4 11
753:  3 4 5 12 <
754:  4 5 6 0
755:  0 6 7 1
756:  1 0 8 2
757:  2 1 9 3
758:  3 2 10 4 <
759:  4 3 0 5
760:  0 4 1 6 <
761:  1 5 2 7
762:  2 6 3 8
763:  3 0 4 9 <
764:  4 1 5 10
765:  0 2 6 11
766:  1 3 7 12
767:  2 4 8 0 <
768:  3 5 9 1
769:  4 6 10 2
770:  0 0 0 3 <
771:  1 1 1 4
772:  2 2 2 5
773:  3 3 3 6 <
774:  4 4 4 7
775:  0 5 5 8 <
776:  1 6 6 9
777:  2 0 7 10 <
778:  3 1 8 11
779:  4 2 9 12
780:  0 3 10 0 <
781:  1 4 0 1
782:  2 5 1 2
783:  3 6 2 3
784:  4 0 3 4
785:  0 1 4 5
786:  1 2 5 6
787:  2 3 6 7 <
788:  3 4 7 8 <
789:  4 5 8 9
790:  0 6 9 10
791:  1 0 10 11
792:  2 1 0 12
793:  3 2 1 0 <
794:  4 3 2 1
795:  0 4 3 2
796:  1 5 4 3
797:  2 6 5 4
798:  3 0 6 5 <
799:  4 1 7 6
800:  0 2 8 7 <
801:  1 3 9 8
802:  2 4 10 9 <
803:  3 5 0 10 <
804:  4 6 1 11
805:  0 0 2 12
806:  1 1 3 0
807:  2 2 4 1 <
808:  3 3 5 2
809:  4 4 6 3
810:  0 5 7 4 <
811:  1 6 8 5
812:  2 0 9 6
813:  3 1 10 7
814:  4 2 0 8
815:  0 3 1 9 <
816:  1 4 2 10
817:  2 5 3 11
818:  3 6 4 12
819:  4 0 5 0
820:  0 1 6 1
821:  1 2 7 2
822:  2 3 8 3 <
823:  3 4 9 4
824:  4 5 10 5
825:  0 6 0 6
826:  1 0 1 7
827:  2 1 2 8
828:  3 2 3 9 <
829:  4 3 4 10
830:  0 4 5 11
831:  1 5 6 12
832:  2 6 7 0
833:  3 0 8 1 <
834:  4 1 9 2
835:  0 2 10 3 <
836:  1 3 0 4
837:  2 4 1 5 <
838:  3 5 2 6
839:  4 6 3 7
840:  0 0 4 8 <
841:  1 1 5 9
842:  2 2 6 10 <
843:  3 3 7 11
844:  4 4 8 12
845:  0 5 9 0
846:  1 6 10 1
847:  2 0 0 2
848:  3 1 1 3
849:  4 2 2 4
850:  0 3 3 5 <
851:  1 4 4 6
852:  2 5 5 7 <
853:  3 6 6 8
854:  4 0 7 9
855:  0 1 8 10
856:  1 2 9 11
857:  2 3 10 12 <
858:  3 4 0 0 <
859:  4 5 1 1
860:  0 6 2 2
861:  1 0 3 3
862:  2 1 4 4
863:  3 2 5 5 <
864:  4 3 6 6
865:  0 4 7 7 <
866:  1 5 8 8
867:  2 6 9 9
868:  3 0 10 10 <
869:  4 1 0 11
870:  0 2 1 12 <
871:  1 3 2 0
872:  2 4 3 1 <
873:  3 5 4 2
874:  4 6 5 3
875:  0 0 6 4 <
876:  1 1 7 5
877:  2 2 8 6 <
878:  3 3 9 7
879:  4 4 10 8
880:  0 5 0 9 <
881:  1 6 1 10
882:  2 0 2 11
883:  3 1 3 12
884:  4 2 4 0
885:  0 3 5 1 <
886:  1 4 6 2
887:  2 5 7 3 <
888:  3 6 8 4
889:  4 0 9 5
890:  0 1 10 6
891:  1 2 0 7
892:  2 3 1 8 <
893:  3 4 2 9
894:  4 5 3 10
895:  0 6 4 11
896:  1 0 5 12
897:  2 1 6 0
898:  3 2 7 1 <
899:  4 3 8 2
900:  0 4 9 3
901:  1 5 10 4
902:  2 6 0 5
903:  3 0 1 6 <
904:  4 1 2 7
905:  0 2 3 8 <
906:  1 3 4 9
907:  2 4 5 10 <
908:  3 5 6 11
909:  4 6 7 12
910:  0 0 8 0 <
911:  1 1 9 1
912:  2 2 10 2
913:  3 3 0 3 <
914:  4 4 1 4
915:  0 5 2 5
916:  1 6 3 6
917:  2 0 4 7 <
918:  3 1 5 8
919:  4 2 6 9
920:  0 3 7 10 <
921:  1 4 8 11
922:  2 5 9 12
923:  3 6 10 0
924:  4 0 0 1
925:  0 1 1 2
926:  1 2 2 3
927:  2 3 3 4 <
928:  3 4 4 5 <
929:  4 5 5 6
930:  0 6 6 7
931:  1 0 7 8
932:  2 1 8 9
933:  3 2 9 10
934:  4 3 10 11
935:  0 4 0 12 <
936:  1 5 1 0
937:  2 6 2 1
938:  3 0 3 2
939:  4 1 4 3
940:  0 2 5 4 <
941:  1 3 6 5
942:  2 4 7 6 <
943:  3 5 8 7 <
944:  4 6 9 8
945:  0 0 10 9 <
946:  1 1 0 10
947:  2 2 1 11
948:  3 3 2 12
949:  4 4 3 0
950:  0 5 4 1 <
951:  1 6 5 2
952:  2 0 6 3 <
953:  3 1 7 4
954:  4 2 8 5
955:  0 3 9 6
956:  1 4 10 7
957:  2 5 0 8 <
958:  3 6 1 9
959:  4 0 2 10
960:  0 1 3 11
961:  1 2 4 12
962:  2 3 5 0 <
963:  3 4 6 1 <
964:  4 5 7 2
965:  0 6 8 3
966:  1 0 9 4
967:  2 1 10 5
968:  3 2 0 6 <
969:  4 3 1 7
970:  0 4 2 8
971:  1 5 3 9
972:  2 6 4 10
973:  3 0 5 11
974:  4 1 6 12
975:  0 2 7 0 <
976:  1 3 8 1
977:  2 4 9 2
978:  3 5 10 3 <
979:  4 6 0 4
980:  0 0 1 5 <
981:  1 1 2 6
982:  2 2 3 7 <
983:  3 3 4 8 <
984:  4 4 5 9
985:  0 5 6 10 <
986:  1 6 7 11
987:  2 0 8 12 <
988:  3 1 9 0
989:  4 2 10 1
990:  0 3 0 2
991:  1 4 1 3
992:  2 5 2 4
993:  3 6 3 5
994:  4 0 4 6
995:  0 1 5 7
996:  1 2 6 8
997:  2 3 7 9 <
998:  3 4 8 10 <
999:  4 5 9 11
1000:  0 6 10 12
1001:  1 0 0 0
1002:  2 1 1 1
1003:  3 2 2 2
1004:  4 3 3 3
1005:  0 4 4 4 <
1006:  1 5 5 5
1007:  2 6 6 6
1008:  3 0 7 7 <
1009:  4 1 8 8
1010:  0 2 9 9
1011:  1 3 10 10
1012:  2 4 0 11
1013:  3 5 1 12 <
1014:  4 6 2 0
1015:  0 0 3 1 <
1016:  1 1 4 2
1017:  2 2 5 3 <
1018:  3 3 6 4 <
1019:  4 4 7 5
1020:  0 5 8 6 <
1021:  1 6 9 7
1022:  2 0 10 8 <
1023:  3 1 0 9
1024:  4 2 1 10
1025:  0 3 2 11
1026:  1 4 3 12
1027:  2 5 4 0 <
1028:  3 6 5 1
1029:  4 0 6 2
1030:  0 1 7 3
1031:  1 2 8 4
1032:  2 3 9 5
1033:  3 4 10 6 <
1034:  4 5 0 7
1035:  0 6 1 8
1036:  1 0 2 9
1037:  2 1 3 10
1038:  3 2 4 11
1039:  4 3 5 12
1040:  0 4 6 0 <
1041:  1 5 7 1
1042:  2 6 8 2
1043:  3 0 9 3
1044:  4 1 10 4
1045:  0 2 0 5 <
1046:  1 3 1 6
1047:  2 4 2 7
1048:  3 5 3 8 <
1049:  4 6 4 9
1050:  0 0 5 10 <
1051:  1 1 6 11
1052:  2 2 7 12 <
1053:  3 3 8 0 <
1054:  4 4 9 1
1055:  0 5 10 2
1056:  1 6 0 3
1057:  2 0 1 4 <
1058:  3 1 2 5
1059:  4 2 3 6
1060:  0 3 4 7 <
1061:  1 4 5 8
1062:  2 5 6 9 <
1063:  3 6 7 10
1064:  4 0 8 11
1065:  0 1 9 12
1066:  1 2 10 0
1067:  2 3 0 1 <
1068:  3 4 1 2
1069:  4 5 2 3
1070:  0 6 3 4
1071:  1 0 4 5
1072:  2 1 5 6
1073:  3 2 6 7 <
1074:  4 3 7 8
1075:  0 4 8 9 <
1076:  1 5 9 10
1077:  2 6 10 11
1078:  3 0 0 12 <
1079:  4 1 1 0
1080:  0 2 2 1
1081:  1 3 3 2
1082:  2 4 4 3 <
1083:  3 5 5 4 <
1084:  4 6 6 5
1085:  0 0 7 6 <
1086:  1 1 8 7
1087:  2 2 9 8
1088:  3 3 10 9 <
1089:  4 4 0 10
1090:  0 5 1 11
1091:  1 6 2 12
1092:  2 0 3 0 <
1093:  3 1 4 1
1094:  4 2 5 2
1095:  0 3 6 3 <
1096:  1 4 7 4
1097:  2 5 8 5 <
1098:  3 6 9 6
1099:  4 0 10 7
1100:  0 1 0 8
1101:  1 2 1 9
1102:  2 3 2 10
1103:  3 4 3 11
1104:  4 5 4 12
1105:  0 6 5 0
1106:  1 0 6 1
1107:  2 1 7 2
1108:  3 2 8 3 <
1109:  4 3 9 4
1110:  0 4 10 5 <
1111:  1 5 0 6
1112:  2 6 1 7
1113:  3 0 2 8
1114:  4 1 3 9
1115:  0 2 4 10 <
1116:  1 3 5 11
1117:  2 4 6 12 <
1118:  3 5 7 0 <
1119:  4 6 8 1
1120:  0 0 9 2
1121:  1 1 10 3
1122:  2 2 0 4 <
1123:  3 3 1 5 <
1124:  4 4 2 6
1125:  0 5 3 7 <
1126:  1 6 4 8
1127:  2 0 5 9 <
1128:  3 1 6 10
1129:  4 2 7 11
1130:  0 3 8 12 <
1131:  1 4 9 0
1132:  2 5 10 1 <
1133:  3 6 0 2
1134:  4 0 1 3
1135:  0 1 2 4
1136:  1 2 3 5
1137:  2 3 4 6 <
1138:  3 4 5 7 <
1139:  4 5 6 8
1140:  0 6 7 9
1141:  1 0 8 10
1142:  2 1 9 11
1143:  3 2 10 12 <
1144:  4 3 0 0
1145:  0 4 1 1 <
1146:  1 5 2 2
1147:  2 6 3 3
1148:  3 0 4 4 <
1149:  4 1 5 5
1150:  0 2 6 6 <
1151:  1 3 7 7
1152:  2 4 8 8 <
1153:  3 5 9 9
1154:  4 6 10 10
1155:  0 0 0 11
1156:  1 1 1 12
1157:  2 2 2 0
1158:  3 3 3 1 <
1159:  4 4 4 2
1160:  0 5 5 3 <
1161:  1 6 6 4
1162:  2 0 7 5 <
1163:  3 1 8 6
1164:  4 2 9 7
1165:  0 3 10 8 <
1166:  1 4 0 9
1167:  2 5 1 10 <
1168:  3 6 2 11
1169:  4 0 3 12
1170:  0 1 4 0
1171:  1 2 5 1
1172:  2 3 6 2
1173:  3 4 7 3 <
1174:  4 5 8 4
1175:  0 6 9 5
1176:  1 0 10 6
1177:  2 1 0 7
1178:  3 2 1 8 <
1179:  4 3 2 9
1180:  0 4 3 10 <
1181:  1 5 4 11
1182:  2 6 5 12
1183:  3 0 6 0 <
1184:  4 1 7 1
1185:  0 2 8 2
1186:  1 3 9 3
1187:  2 4 10 4 <
1188:  3 5 0 5 <
1189:  4 6 1 6
1190:  0 0 2 7
1191:  1 1 3 8
1192:  2 2 4 9 <
1193:  3 3 5 10 <
1194:  4 4 6 11
1195:  0 5 7 12 <
1196:  1 6 8 0
1197:  2 0 9 1
1198:  3 1 10 2
1199:  4 2 0 3
1200:  0 3 1 4 <
1201:  1 4 2 5
1202:  2 5 3 6 <
1203:  3 6 4 7
1204:  4 0 5 8
1205:  0 1 6 9
1206:  1 2 7 10
1207:  2 3 8 11
1208:  3 4 9 12
1209:  4 5 10 0
1210:  0 6 0 1
1211:  1 0 1 2
1212:  2 1 2 3
1213:  3 2 3 4 <
1214:  4 3 4 5
1215:  0 4 5 6 <
1216:  1 5 6 7
1217:  2 6 7 8
1218:  3 0 8 9 <
1219:  4 1 9 10
1220:  0 2 10 11
1221:  1 3 0 12
1222:  2 4 1 0 <
1223:  3 5 2 1
1224:  4 6 3 2
1225:  0 0 4 3 <
1226:  1 1 5 4
1227:  2 2 6 5 <
1228:  3 3 7 6 <
1229:  4 4 8 7
1230:  0 5 9 8
1231:  1 6 10 9
1232:  2 0 0 10 <
1233:  3 1 1 11
1234:  4 2 2 12
1235:  0 3 3 0 <
1236:  1 4 4 1
1237:  2 5 5 2
1238:  3 6 6 3
1239:  4 0 7 4
1240:  0 1 8 5
1241:  1 2 9 6
1242:  2 3 10 7 <
1243:  3 4 0 8 <
1244:  4 5 1 9
1245:  0 6 2 10
1246:  1 0 3 11
1247:  2 1 4 12
1248:  3 2 5 0 <
1249:  4 3 6 1
1250:  0 4 7 2
1251:  1 5 8 3
1252:  2 6 9 4
1253:  3 0 10 5 <
1254:  4 1 0 6
1255:  0 2 1 7 <
1256:  1 3 2 8
1257:  2 4 3 9 <
1258:  3 5 4 10 <
1259:  4 6 5 11
1260:  0 0 6 12 <
1261:  1 1 7 0
1262:  2 2 8 1 <
1263:  3 3 9 2
1264:  4 4 10 3
1265:  0 5 0 4 <
1266:  1 6 1 5
1267:  2 0 2 6
1268:  3 1 3 7
1269:  4 2 4 8
1270:  0 3 5 9 <
1271:  1 4 6 10
1272:  2 5 7 11
1273:  3 6 8 12
1274:  4 0 9 0
1275:  0 1 10 1
1276:  1 2 0 2
1277:  2 3 1 3 <
1278:  3 4 2 4
1279:  4 5 3 5
1280:  0 6 4 6
1281:  1 0 5 7
1282:  2 1 6 8
1283:  3 2 7 9 <
1284:  4 3 8 10
1285:  0 4 9 11
1286:  1 5 10 12
1287:  2 6 0 0
1288:  3 0 1 1 <
1289:  4 1 2 2
1290:  0 2 3 3 <
1291:  1 3 4 4
1292:  2 4 5 5 <
1293:  3 5 6 6 <
1294:  4 6 7 7
1295:  0 0 8 8 <
1296:  1 1 9 9
1297:  2 2 10 10 <
1298:  3 3 0 11
1299:  4 4 1 12
1300:  0 5 2 0
1301:  1 6 3 1
1302:  2 0 4 2
1303:  3 1 5 3
1304:  4 2 6 4
1305:  0 3 7 5 <
1306:  1 4 8 6
1307:  2 5 9 7
1308:  3 6 10 8
1309:  4 0 0 9
1310:  0 1 1 10
1311:  1 2 2 11
1312:  2 3 3 12 <
1313:  3 4 4 0 <
1314:  4 5 5 1
1315:  0 6 6 2
1316:  1 0 7 3
1317:  2 1 8 4
1318:  3 2 9 5
1319:  4 3 10 6
1320:  0 4 0 7 <
1321:  1 5 1 8
1322:  2 6 2 9
1323:  3 0 3 10 <
1324:  4 1 4 11
1325:  0 2 5 12 <
1326:  1 3 6 0
1327:  2 4 7 1 <
1328:  3 5 8 2
1329:  4 6 9 3
1330:  0 0 10 4 <
1331:  1 1 0 5
1332:  2 2 1 6 <
1333:  3 3 2 7
1334:  4 4 3 8
1335:  0 5 4 9 <
1336:  1 6 5 10
1337:  2 0 6 11
1338:  3 1 7 12
1339:  4 2 8 0
1340:  0 3 9 1
1341:  1 4 10 2
1342:  2 5 0 3 <
1343:  3 6 1 4
1344:  4 0 2 5
1345:  0 1 3 6
1346:  1 2 4 7
1347:  2 3 5 8 <
1348:  3 4 6 9 <
1349:  4 5 7 10
1350:  0 6 8 11
1351:  1 0 9 12
1352:  2 1 10 0
1353:  3 2 0 1 <
1354:  4 3 1 2
1355:  0 4 2 3
1356:  1 5 3 4
1357:  2 6 4 5
1358:  3 0 5 6 <
1359:  4 1 6 7
1360:  0 2 7 8 <
1361:  1 3 8 9
1362:  2 4 9 10
1363:  3 5 10 11
1364:  4 6 0 12
1365:  0 0 1 0 <
1366:  1 1 2 1
1367:  2 2 3 2
1368:  3 3 4 3 <
1369:  4 4 5 4
1370:  0 5 6 5 <
1371:  1 6 7 6
1372:  2 0 8 7 <
1373:  3 1 9 8
1374:  4 2 10 9
1375:  0 3 0 10 <
1376:  1 4 1 11
1377:  2 5 2 12
1378:  3 6 3 0
1379:  4 0 4 1
1380:  0 1 5 2
1381:  1 2 6 3
1382:  2 3 7 4 <
1383:  3 4 8 5 <
1384:  4 5 9 6
1385:  0 6 10 7
1386:  1 0 0 8
1387:  2 1 1 9
1388:  3 2 2 10
1389:  4 3 3 11
1390:  0 4 4 12 <
1391:  1 5 5 0
1392:  2 6 6 1
1393:  3 0 7 2
1394:  4 1 8 3
1395:  0 2 9 4
1396:  1 3 10 5
1397:  2 4 0 6 <
1398:  3 5 1 7 <
1399:  4 6 2 8
1400:  0 0 3 9 <
1401:  1 1 4 10
1402:  2 2 5 11
1403:  3 3 6 12 <
1404:  4 4 7 0
1405:  0 5 8 1 <
1406:  1 6 9 2
1407:  2 0 10 3 <
1408:  3 1 0 4
1409:  4 2 1 5
1410:  0 3 2 6
1411:  1 4 3 7
1412:  2 5 4 8 <
1413:  3 6 5 9
1414:  4 0 6 10
1415:  0 1 7 11
1416:  1 2 8 12
1417:  2 3 9 0
1418:  3 4 10 1 <
1419:  4 5 0 2
1420:  0 6 1 3
1421:  1 0 2 4
1422:  2 1 3 5
1423:  3 2 4 6 <
1424:  4 3 5 7
1425:  0 4 6 8 <
1426:  1 5 7 9
1427:  2 6 8 10
1428:  3 0 9 11
1429:  4 1 10 12
1430:  0 2 0 0 <
1431:  1 3 1 1
1432:  2 4 2 2
1433:  3 5 3 3 <
1434:  4 6 4 4
1435:  0 0 5 5 <
1436:  1 1 6 6
1437:  2 2 7 7 <
1438:  3 3 8 8 <
1439:  4 4 9 9
1440:  0 5 10 10 <
1441:  1 6 0 11
1442:  2 0 1 12 <
1443:  3 1 2 0
1444:  4 2 3 1
1445:  0 3 4 2
1446:  1 4 5 3
1447:  2 5 6 4 <
1448:  3 6 7 5
1449:  4 0 8 6
1450:  0 1 9 7
1451:  1 2 10 8
1452:  2 3 0 9 <
1453:  3 4 1 10 <
1454:  4 5 2 11
1455:  0 6 3 12
1456:  1 0 4 0
1457:  2 1 5 1
1458:  3 2 6 2
1459:  4 3 7 3
1460:  0 4 8 4 <
1461:  1 5 9 5
1462:  2 6 10 6
1463:  3 0 0 7 <
1464:  4 1 1 8
1465:  0 2 2 9
1466:  1 3 3 10
1467:  2 4 4 11
1468:  3 5 5 12 <
1469:  4 6 6 0
1470:  0 0 7 1 <
1471:  1 1 8 2
1472:  2 2 9 3
1473:  3 3 10 4 <
1474:  4 4 0 5
1475:  0 5 1 6 <
1476:  1 6 2 7
1477:  2 0 3 8 <
1478:  3 1 4 9
1479:  4 2 5 10
1480:  0 3 6 11
1481:  1 4 7 12
1482:  2 5 8 0 <
1483:  3 6 9 1
1484:  4 0 10 2
1485:  0 1 0 3
1486:  1 2 1 4
1487:  2 3 2 5
1488:  3 4 3 6 <
1489:  4 5 4 7
1490:  0 6 5 8
1491:  1 0 6 9
1492:  2 1 7 10
1493:  3 2 8 11
1494:  4 3 9 12
1495:  0 4 10 0 <
1496:  1 5 0 1
1497:  2 6 1 2
1498:  3 0 2 3
1499:  4 1 3 4
1500:  0 2 4 5 <
1501:  1 3 5 6
1502:  2 4 6 7 <
1503:  3 5 7 8 <
1504:  4 6 8 9
1505:  0 0 9 10
1506:  1 1 10 11
1507:  2 2 0 12 <
1508:  3 3 1 0 <
1509:  4 4 2 1
1510:  0 5 3 2
1511:  1 6 4 3
1512:  2 0 5 4 <
1513:  3 1 6 5
1514:  4 2 7 6
1515:  0 3 8 7 <
1516:  1 4 9 8
1517:  2 5 10 9 <
1518:  3 6 0 10
1519:  4 0 1 11
1520:  0 1 2 12
1521:  1 2 3 0
1522:  2 3 4 1 <
1523:  3 4 5 2
1524:  4 5 6 3
1525:  0 6 7 4
1526:  1 0 8 5
1527:  2 1 9 6
1528:  3 2 10 7 <
1529:  4 3 0 8
1530:  0 4 1 9 <
1531:  1 5 2 10
1532:  2 6 3 11
1533:  3 0 4 12 <
1534:  4 1 5 0
1535:  0 2 6 1 <
1536:  1 3 7 2
1537:  2 4 8 3 <
1538:  3 5 9 4
1539:  4 6 10 5
1540:  0 0 0 6 <
1541:  1 1 1 7
1542:  2 2 2 8
1543:  3 3 3 9 <
1544:  4 4 4 10
1545:  0 5 5 11
1546:  1 6 6 12
1547:  2 0 7 0 <
1548:  3 1 8 1
1549:  4 2 9 2
1550:  0 3 10 3 <
1551:  1 4 0 4
1552:  2 5 1 5 <
1553:  3 6 2 6
1554:  4 0 3 7
1555:  0 1 4 8
1556:  1 2 5 9
1557:  2 3 6 10 <
1558:  3 4 7 11
1559:  4 5 8 12
1560:  0 6 9 0
1561:  1 0 10 1
1562:  2 1 0 2
1563:  3 2 1 3 <
1564:  4 3 2 4
1565:  0 4 3 5 <
1566:  1 5 4 6
1567:  2 6 5 7
1568:  3 0 6 8 <
1569:  4 1 7 9
1570:  0 2 8 10 <
1571:  1 3 9 11
1572:  2 4 10 12 <
1573:  3 5 0 0 <
1574:  4 6 1 1
1575:  0 0 2 2
1576:  1 1 3 3
1577:  2 2 4 4 <
1578:  3 3 5 5 <
1579:  4 4 6 6
1580:  0 5 7 7 <
1581:  1 6 8 8
1582:  2 0 9 9
1583:  3 1 10 10
1584:  4 2 0 11
1585:  0 3 1 12 <
1586:  1 4 2 0
1587:  2 5 3 1 <
1588:  3 6 4 2
1589:  4 0 5 3
1590:  0 1 6 4
1591:  1 2 7 5
1592:  2 3 8 6 <
1593:  3 4 9 7
1594:  4 5 10 8
1595:  0 6 0 9
1596:  1 0 1 10
1597:  2 1 2 11
1598:  3 2 3 12 <
1599:  4 3 4 0
1600:  0 4 5 1 <
1601:  1 5 6 2
1602:  2 6 7 3
1603:  3 0 8 4 <
1604:  4 1 9 5
1605:  0 2 10 6 <
1606:  1 3 0 7
1607:  2 4 1 8 <
1608:  3 5 2 9
1609:  4 6 3 10
1610:  0 0 4 11
1611:  1 1 5 12
1612:  2 2 6 0 <
1613:  3 3 7 1 <
1614:  4 4 8 2
1615:  0 5 9 3
1616:  1 6 10 4
1617:  2 0 0 5 <
1618:  3 1 1 6
1619:  4 2 2 7
1620:  0 3 3 8 <
1621:  1 4 4 9
1622:  2 5 5 10 <
1623:  3 6 6 11
1624:  4 0 7 12
1625:  0 1 8 0
1626:  1 2 9 1
1627:  2 3 10 2
1628:  3 4 0 3 <
1629:  4 5 1 4
1630:  0 6 2 5
1631:  1 0 3 6
1632:  2 1 4 7
1633:  3 2 5 8 <
1634:  4 3 6 9
1635:  0 4 7 10 <
1636:  1 5 8 11
1637:  2 6 9 12
1638:  3 0 10 0 <
1639:  4 1 0 1
1640:  0 2 1 2
1641:  1 3 2 3
1642:  2 4 3 4 <
1643:  3 5 4 5 <
1644:  4 6 5 6
1645:  0 0 6 7 <
1646:  1 1 7 8
1647:  2 2 8 9 <
1648:  3 3 9 10
1649:  4 4 10 11
1650:  0 5 0 12 <
1651:  1 6 1 0
1652:  2 0 2 1
1653:  3 1 3 2
1654:  4 2 4 3
1655:  0 3 5 4 <
1656:  1 4 6 5
1657:  2 5 7 6 <
1658:  3 6 8 7
1659:  4 0 9 8
1660:  0 1 10 9
1661:  1 2 0 10
1662:  2 3 1 11
1663:  3 4 2 12
1664:  4 5 3 0
1665:  0 6 4 1
1666:  1 0 5 2
1667:  2 1 6 3
1668:  3 2 7 4 <
1669:  4 3 8 5
1670:  0 4 9 6
1671:  1 5 10 7
1672:  2 6 0 8
1673:  3 0 1 9 <
1674:  4 1 2 10
1675:  0 2 3 11
1676:  1 3 4 12
1677:  2 4 5 0 <
1678:  3 5 6 1 <
1679:  4 6 7 2
1680:  0 0 8 3 <
1681:  1 1 9 4
1682:  2 2 10 5 <
1683:  3 3 0 6 <
1684:  4 4 1 7
1685:  0 5 2 8
1686:  1 6 3 9
1687:  2 0 4 10 <
1688:  3 1 5 11
1689:  4 2 6 12
1690:  0 3 7 0 <
1691:  1 4 8 1
1692:  2 5 9 2
1693:  3 6 10 3
1694:  4 0 0 4
1695:  0 1 1 5
1696:  1 2 2 6
1697:  2 3 3 7 <
1698:  3 4 4 8 <
1699:  4 5 5 9
1700:  0 6 6 10
1701:  1 0 7 11
1702:  2 1 8 12
1703:  3 2 9 0
1704:  4 3 10 1
1705:  0 4 0 2
1706:  1 5 1 3
1707:  2 6 2 4
1708:  3 0 3 5 <
1709:  4 1 4 6
1710:  0 2 5 7 <
1711:  1 3 6 8
1712:  2 4 7 9 <
1713:  3 5 8 10 <
1714:  4 6 9 11
1715:  0 0 10 12 <
1716:  1 1 0 0
1717:  2 2 1 1 <
1718:  3 3 2 2
1719:  4 4 3 3
1720:  0 5 4 4 <
1721:  1 6 5 5
1722:  2 0 6 6 <
1723:  3 1 7 7
1724:  4 2 8 8
1725:  0 3 9 9
1726:  1 4 10 10
1727:  2 5 0 11
1728:  3 6 1 12
1729:  4 0 2 0
1730:  0 1 3 1
1731:  1 2 4 2
1732:  2 3 5 3 <
1733:  3 4 6 4 <
1734:  4 5 7 5
1735:  0 6 8 6
1736:  1 0 9 7
1737:  2 1 10 8
1738:  3 2 0 9 <
1739:  4 3 1 10
1740:  0 4 2 11
1741:  1 5 3 12
1742:  2 6 4 0
1743:  3 0 5 1 <
1744:  4 1 6 2
1745:  0 2 7 3 <
1746:  1 3 8 4
1747:  2 4 9 5
1748:  3 5 10 6 <
1749:  4 6 0 7
1750:  0 0 1 8 <
1751:  1 1 2 9
1752:  2 2 3 10 <
1753:  3 3 4 11
1754:  4 4 5 12
1755:  0 5 6 0 <
1756:  1 6 7 1
1757:  2 0 8 2
1758:  3 1 9 3
1759:  4 2 10 4
1760:  0 3 0 5 <
1761:  1 4 1 6
1762:  2 5 2 7
1763:  3 6 3 8
1764:  4 0 4 9
1765:  0 1 5 10
1766:  1 2 6 11
1767:  2 3 7 12 <
1768:  3 4 8 0 <
1769:  4 5 9 1
1770:  0 6 10 2
1771:  1 0 0 3
1772:  2 1 1 4
1773:  3 2 2 5
1774:  4 3 3 6
1775:  0 4 4 7 <
1776:  1 5 5 8
1777:  2 6 6 9
1778:  3 0 7 10 <
1779:  4 1 8 11
1780:  0 2 9 12
1781:  1 3 10 0
1782:  2 4 0 1 <
1783:  3 5 1 2
1784:  4 6 2 3
1785:  0 0 3 4 <
1786:  1 1 4 5
1787:  2 2 5 6 <
1788:  3 3 6 7 <
1789:  4 4 7 8
1790:  0 5 8 9 <
1791:  1 6 9 10
1792:  2 0 10 11
1793:  3 1 0 12
1794:  4 2 1 0
1795:  0 3 2 1
1796:  1 4 3 2
1797:  2 5 4 3 <
1798:  3 6 5 4
1799:  4 0 6 5
1800:  0 1 7 6
1801:  1 2 8 7
1802:  2 3 9 8
1803:  3 4 10 9 <
1804:  4 5 0 10
1805:  0 6 1 11
1806:  1 0 2 12
1807:  2 1 3 0
1808:  3 2 4 1 <
1809:  4 3 5 2
1810:  0 4 6 3 <
1811:  1 5 7 4
1812:  2 6 8 5
1813:  3 0 9 6
1814:  4 1 10 7
1815:  0 2 0 8 <
1816:  1 3 1 9
1817:  2 4 2 10
1818:  3 5 3 11
1819:  4 6 4 12
1820:  0 0 5 0 <
1821:  1 1 6 1
1822:  2 2 7 2
1823:  3 3 8 3 <
1824:  4 4 9 4
1825:  0 5 10 5 <
1826:  1 6 0 6
1827:  2 0 1 7 <
1828:  3 1 2 8
1829:  4 2 3 9
1830:  0 3 4 10 <
1831:  1 4 5 11
1832:  2 5 6 12 <
1833:  3 6 7 0
1834:  4 0 8 1
1835:  0 1 9 2
1836:  1 2 10 3
1837:  2 3 0 4 <
1838:  3 4 1 5 <
1839:  4 5 2 6
1840:  0 6 3 7
1841:  1 0 4 8
1842:  2 1 5 9
1843:  3 2 6 10 <
1844:  4 3 7 11
1845:  0 4 8 12 <
1846:  1 5 9 0
1847:  2 6 10 1
1848:  3 0 0 2
1849:  4 1 1 3
1850:  0 2 2 4
1851:  1 3 3 5
1852:  2 4 4 6 <
1853:  3 5 5 7 <
1854:  4 6 6 8
1855:  0 0 7 9 <
1856:  1 1 8 10
1857:  2 2 9 11
1858:  3 3 10 12 <
1859:  4 4 0 0
1860:  0 5 1 1 <
1861:  1 6 2 2
1862:  2 0 3 3 <
1863:  3 1 4 4
1864:  4 2 5 5
1865:  0 3 6 6 <
1866:  1 4 7 7
1867:  2 5 8 8 <
1868:  3 6 9 9
1869:  4 0 10 10
1870:  0 1 0 11
1871:  1 2 1 12
1872:  2 3 2 0
1873:  3 4 3 1 <
1874:  4 5 4 2
1875:  0 6 5 3
1876:  1 0 6 4
1877:  2 1 7 5
1878:  3 2 8 6 <
1879:  4 3 9 7
1880:  0 4 10 8 <
1881:  1 5 0 9
1882:  2 6 1 10
1883:  3 0 2 11
1884:  4 1 3 12
1885:  0 2 4 0 <
1886:  1 3 5 1
1887:  2 4 6 2
1888:  3 5 7 3 <
1889:  4 6 8 4
1890:  0 0 9 5
1891:  1 1 10 6
1892:  2 2 0 7 <
1893:  3 3 1 8 <
1894:  4 4 2 9
1895:  0 5 3 10 <
1896:  1 6 4 11
1897:  2 0 5 12 <
1898:  3 1 6 0
1899:  4 2 7 1
1900:  0 3 8 2
1901:  1 4 9 3
1902:  2 5 10 4 <
1903:  3 6 0 5
1904:  4 0 1 6
1905:  0 1 2 7
1906:  1 2 3 8
1907:  2 3 4 9 <
1908:  3 4 5 10 <
1909:  4 5 6 11
1910:  0 6 7 12
1911:  1 0 8 0
1912:  2 1 9 1
1913:  3 2 10 2
1914:  4 3 0 3
1915:  0 4 1 4 <
1916:  1 5 2 5
1917:  2 6 3 6
1918:  3 0 4 7 <
1919:  4 1 5 8
1920:  0 2 6 9 <
1921:  1 3 7 10
1922:  2 4 8 11
1923:  3 5 9 12
1924:  4 6 10 0
1925:  0 0 0 1 <
1926:  1 1 1 2
1927:  2 2 2 3
1928:  3 3 3 4 <
1929:  4 4 4 5
1930:  0 5 5 6 <
1931:  1 6 6 7
1932:  2 0 7 8 <
1933:  3 1 8 9
1934:  4 2 9 10
1935:  0 3 10 11
1936:  1 4 0 12
1937:  2 5 1 0 <
1938:  3 6 2 1
1939:  4 0 3 2
1940:  0 1 4 3
1941:  1 2 5 4
1942:  2 3 6 5 <
1943:  3 4 7 6 <
1944:  4 5 8 7
1945:  0 6 9 8
1946:  1 0 10 9
1947:  2 1 0 10
1948:  3 2 1 11
1949:  4 3 2 12
1950:  0 4 3 0 <
1951:  1 5 4 1
1952:  2 6 5 2
1953:  3 0 6 3 <
1954:  4 1 7 4
1955:  0 2 8 5 <
1956:  1 3 9 6
1957:  2 4 10 7 <
1958:  3 5 0 8 <
1959:  4 6 1 9
1960:  0 0 2 10
1961:  1 1 3 11
1962:  2 2 4 12 <
1963:  3 3 5 0 <
1964:  4 4 6 1
1965:  0 5 7 2
1966:  1 6 8 3
1967:  2 0 9 4
1968:  3 1 10 5
1969:  4 2 0 6
1970:  0 3 1 7 <
1971:  1 4 2 8
1972:  2 5 3 9 <
1973:  3 6 4 10
1974:  4 0 5 11
1975:  0 1 6 12
1976:  1 2 7 0
1977:  2 3 8 1 <
1978:  3 4 9 2
1979:  4 5 10 3
1980:  0 6 0 4
1981:  1 0 1 5
1982:  2 1 2 6
1983:  3 2 3 7 <
1984:  4 3 4 8
1985:  0 4 5 9 <
1986:  1 5 6 10
1987:  2 6 7 11
1988:  3 0 8 12 <
1989:  4 1 9 0
1990:  0 2 10 1 <
1991:  1 3 0 2
1992:  2 4 1 3 <
1993:  3 5 2 4
1994:  4 6 3 5
1995:  0 0 4 6 <
1996:  1 1 5 7
1997:  2 2 6 8 <
1998:  3 3 7 9 <
1999:  4 4 8 10
2000:  0 5 9 11
2001:  1 6 10 12
2002:  2 0 0 0 <
2003:  3 1 1 1
2004:  4 2 2 2
2005:  0 3 3 3 <
2006:  1 4 4 4
2007:  2 5 5 5 <
2008:  3 6 6 6
2009:  4 0 7 7
2010:  0 1 8 8
2011:  1 2 9 9
2012:  2 3 10 10 <
2013:  3 4 0 11
2014:  4 5 1 12
2015:  0 6 2 0
2016:  1 0 3 1
2017:  2 1 4 2
2018:  3 2 5 3 <
2019:  4 3 6 4
2020:  0 4 7 5 <
2021:  1 5 8 6
2022:  2 6 9 7
2023:  3 0 10 8 <
2024:  4 1 0 9
2025:  0 2 1 10 <
2026:  1 3 2 11
2027:  2 4 3 12 <
2028:  3 5 4 0 <
2029:  4 6 5 1
2030:  0 0 6 2
2031:  1 1 7 3
2032:  2 2 8 4 <
2033:  3 3 9 5
2034:  4 4 10 6
2035:  0 5 0 7 <
2036:  1 6 1 8
2037:  2 0 2 9
2038:  3 1 3 10
2039:  4 2 4 11
2040:  0 3 5 12 <
2041:  1 4 6 0
2042:  2 5 7 1 <
2043:  3 6 8 2
2044:  4 0 9 3
2045:  0 1 10 4
2046:  1 2 0 5
2047:  2 3 1 6 <
2048:  3 4 2 7
2049:  4 5 3 8
2050:  0 6 4 9
2051:  1 0 5 10
2052:  2 1 6 11
2053:  3 2 7 12 <
2054:  4 3 8 0
2055:  0 4 9 1
2056:  1 5 10 2
2057:  2 6 0 3
2058:  3 0 1 4 <
2059:  4 1 2 5
2060:  0 2 3 6 <
2061:  1 3 4 7
2062:  2 4 5 8 <
2063:  3 5 6 9 <
2064:  4 6 7 10
2065:  0 0 8 11
2066:  1 1 9 12
2067:  2 2 10 0 <
2068:  3 3 0 1 <
2069:  4 4 1 2
2070:  0 5 2 3
2071:  1 6 3 4
2072:  2 0 4 5 <
2073:  3 1 5 6
2074:  4 2 6 7
2075:  0 3 7 8 <
2076:  1 4 8 9
2077:  2 5 9 10
2078:  3 6 10 11
2079:  4 0 0 12
2080:  0 1 1 0
2081:  1 2 2 1
2082:  2 3 3 2
2083:  3 4 4 3 <
2084:  4 5 5 4
2085:  0 6 6 5
2086:  1 0 7 6
2087:  2 1 8 7
2088:  3 2 9 8
2089:  4 3 10 9
2090:  0 4 0 10 <
2091:  1 5 1 11
2092:  2 6 2 12
2093:  3 0 3 0 <
2094:  4 1 4 1
2095:  0 2 5 2
2096:  1 3 6 3
2097:  2 4 7 4 <
2098:  3 5 8 5 <
2099:  4 6 9 6
2100:  0 0 10 7 <
2101:  1 1 0 8
2102:  2 2 1 9 <
2103:  3 3 2 10
2104:  4 4 3 11
2105:  0 5 4 12 <
2106:  1 6 5 0
2107:  2 0 6 1 <
2108:  3 1 7 2
2109:  4 2 8 3
2110:  0 3 9 4
2111:  1 4 10 5
2112:  2 5 0 6 <
2113:  3 6 1 7
2114:  4 0 2 8
2115:  0 1 3 9
2116:  1 2 4 10
2117:  2 3 5 11
2118:  3 4 6 12 <
2119:  4 5 7 0
2120:  0 6 8 1
2121:  1 0 9 2
2122:  2 1 10 3
2123:  3 2 0 4 <
2124:  4 3 1 5
2125:  0 4 2 6
2126:  1 5 3 7
2127:  2 6 4 8
2128:  3 0 5 9 <
2129:  4 1 6 10
2130:  0 2 7 11
2131:  1 3 8 12
2132:  2 4 9 0
2133:  3 5 10 1 <
2134:  4 6 0 2
2135:  0 0 1 3 <
2136:  1 1 2 4
2137:  2 2 3 5 <
2138:  3 3 4 6 <
2139:  4 4 5 7
2140:  0 5 6 8 <
2141:  1 6 7 9
2142:  2 0 8 10 <
2143:  3 1 9 11
2144:  4 2 10 12
2145:  0 3 0 0 <
2146:  1 4 1 1
2147:  2 5 2 2
2148:  3 6 3 3
2149:  4 0 4 4
2150:  0 1 5 5
2151:  1 2 6 6
2152:  2 3 7 7 <
2153:  3 4 8 8 <
2154:  4 5 9 9
2155:  0 6 10 10
2156:  1 0 0 11
2157:  2 1 1 12
2158:  3 2 2 0
2159:  4 3 3 1
2160:  0 4 4 2
2161:  1 5 5 3
2162:  2 6 6 4
2163:  3 0 7 5 <
2164:  4 1 8 6
2165:  0 2 9 7
2166:  1 3 10 8
2167:  2 4 0 9 <
2168:  3 5 1 10 <
2169:  4 6 2 11
2170:  0 0 3 12 <
2171:  1 1 4 0
2172:  2 2 5 1 <
2173:  3 3 6 2
2174:  4 4 7 3
2175:  0 5 8 4 <
2176:  1 6 9 5
2177:  2 0 10 6 <
2178:  3 1 0 7
2179:  4 2 1 8
2180:  0 3 2 9
2181:  1 4 3 10
2182:  2 5 4 11
2183:  3 6 5 12
2184:  4 0 6 0
2185:  0 1 7 1
2186:  1 2 8 2
2187:  2 3 9 3
2188:  3 4 10 4 <
2189:  4 5 0 5
2190:  0 6 1 6
2191:  1 0 2 7
2192:  2 1 3 8
2193:  3 2 4 9 <
2194:  4 3 5 10
2195:  0 4 6 11
2196:  1 5 7 12
2197:  2 6 8 0
2198:  3 0 9 1
2199:  4 1 10 2
2200:  0 2 0 3 <
2201:  1 3 1 4
2202:  2 4 2 5
2203:  3 5 3 6 <
2204:  4 6 4 7
2205:  0 0 5 8 <
2206:  1 1 6 9
2207:  2 2 7 10 <
2208:  3 3 8 11
2209:  4 4 9 12
2210:  0 5 10 0 <
2211:  1 6 0 1
2212:  2 0 1 2
2213:  3 1 2 3
2214:  4 2 3 4
2215:  0 3 4 5 <
2216:  1 4 5 6
2217:  2 5 6 7 <
2218:  3 6 7 8
2219:  4 0 8 9
2220:  0 1 9 10
2221:  1 2 10 11
2222:  2 3 0 12 <
2223:  3 4 1 0 <
2224:  4 5 2 1
2225:  0 6 3 2
2226:  1 0 4 3
2227:  2 1 5 4
2228:  3 2 6 5 <
2229:  4 3 7 6
2230:  0 4 8 7 <
2231:  1 5 9 8
2232:  2 6 10 9
2233:  3 0 0 10 <
2234:  4 1 1 11
2235:  0 2 2 12
2236:  1 3 3 0
2237:  2 4 4 1 <
2238:  3 5 5 2
2239:  4 6 6 3
2240:  0 0 7 4 <
2241:  1 1 8 5
2242:  2 2 9 6
2243:  3 3 10 7 <
2244:  4 4 0 8
2245:  0 5 1 9 <
2246:  1 6 2 10
2247:  2 0 3 11
2248:  3 1 4 12
2249:  4 2 5 0
2250:  0 3 6 1 <
2251:  1 4 7 2
2252:  2 5 8 3 <
2253:  3 6 9 4
2254:  4 0 10 5
2255:  0 1 0 6
2256:  1 2 1 7
2257:  2 3 2 8
2258:  3 4 3 9 <
2259:  4 5 4 10
2260:  0 6 5 11
2261:  1 0 6 12
2262:  2 1 7 0
2263:  3 2 8 1 <
2264:  4 3 9 2
2265:  0 4 10 3 <
2266:  1 5 0 4
2267:  2 6 1 5
2268:  3 0 2 6
2269:  4 1 3 7
2270:  0 2 4 8 <
2271:  1 3 5 9
2272:  2 4 6 10 <
2273:  3 5 7 11
2274:  4 6 8 12
2275:  0 0 9 0
2276:  1 1 10 1
2277:  2 2 0 2
2278:  3 3 1 3 <
2279:  4 4 2 4
2280:  0 5 3 5 <
2281:  1 6 4 6
2282:  2 0 5 7 <
2283:  3 1 6 8
2284:  4 2 7 9
2285:  0 3 8 10 <
2286:  1 4 9 11
2287:  2 5 10 12 <
2288:  3 6 0 0
2289:  4 0 1 1
2290:  0 1 2 2
2291:  1 2 3 3
2292:  2 3 4 4 <
2293:  3 4 5 5 <
2294:  4 5 6 6
2295:  0 6 7 7
2296:  1 0 8 8
2297:  2 1 9 9
2298:  3 2 10 10 <
2299:  4 3 0 11
2300:  0 4 1 12 <
2301:  1 5 2 0
2302:  2 6 3 1
2303:  3 0 4 2
2304:  4 1 5 3
2305:  0 2 6 4 <
2306:  1 3 7 5
2307:  2 4 8 6 <
2308:  3 5 9 7
2309:  4 6 10 8
2310:  0 0 0 9 <
2311:  1 1 1 10
2312:  2 2 2 11
2313:  3 3 3 12 <
2314:  4 4 4 0
2315:  0 5 5 1 <
2316:  1 6 6 2
2317:  2 0 7 3 <
2318:  3 1 8 4
2319:  4 2 9 5
2320:  0 3 10 6 <
2321:  1 4 0 7
2322:  2 5 1 8 <
2323:  3 6 2 9
2324:  4 0 3 10
2325:  0 1 4 11
2326:  1 2 5 12
2327:  2 3 6 0 <
2328:  3 4 7 1 <
2329:  4 5 8 2
2330:  0 6 9 3
2331:  1 0 10 4
2332:  2 1 0 5
2333:  3 2 1 6 <
2334:  4 3 2 7
2335:  0 4 3 8 <
2336:  1 5 4 9
2337:  2 6 5 10
2338:  3 0 6 11
2339:  4 1 7 12
2340:  0 2 8 0 <
2341:  1 3 9 1
2342:  2 4 10 2
2343:  3 5 0 3 <
2344:  4 6 1 4
2345:  0 0 2 5
2346:  1 1 3 6
2347:  2 2 4 7 <
2348:  3 3 5 8 <
2349:  4 4 6 9
2350:  0 5 7 10 <
2351:  1 6 8 11
2352:  2 0 9 12
2353:  3 1 10 0
2354:  4 2 0 1
2355:  0 3 1 2
2356:  1 4 2 3
2357:  2 5 3 4 <
2358:  3 6 4 5
2359:  4 0 5 6
2360:  0 1 6 7
2361:  1 2 7 8
2362:  2 3 8 9 <
2363:  3 4 9 10
2364:  4 5 10 11
2365:  0 6 0 12
2366:  1 0 1 0
2367:  2 1 2 1
2368:  3 2 3 2
2369:  4 3 4 3
2370:  0 4 5 4 <
2371:  1 5 6 5
2372:  2 6 7 6
2373:  3 0 8 7 <
2374:  4 1 9 8
2375:  0 2 10 9 <
2376:  1 3 0 10
2377:  2 4 1 11
2378:  3 5 2 12
2379:  4 6 3 0
2380:  0 0 4 1 <
2381:  1 1 5 2
2382:  2 2 6 3 <
2383:  3 3 7 4 <
2384:  4 4 8 5
2385:  0 5 9 6
2386:  1 6 10 7
2387:  2 0 0 8 <
2388:  3 1 1 9
2389:  4 2 2 10
2390:  0 3 3 11
2391:  1 4 4 12
2392:  2 5 5 0 <
2393:  3 6 6 1
2394:  4 0 7 2
2395:  0 1 8 3
2396:  1 2 9 4
2397:  2 3 10 5 <
2398:  3 4 0 6 <
2399:  4 5 1 7
2400:  0 6 2 8
2401:  1 0 3 9
2402:  2 1 4 10
2403:  3 2 5 11
2404:  4 3 6 12
2405:  0 4 7 0 <
2406:  1 5 8 1
2407:  2 6 9 2
2408:  3 0 10 3 <
2409:  4 1 0 4
2410:  0 2 1 5 <
2411:  1 3 2 6
2412:  2 4 3 7 <
2413:  3 5 4 8 <
2414:  4 6 5 9
2415:  0 0 6 10 <
2416:  1 1 7 11
2417:  2 2 8 12 <
2418:  3 3 9 0
2419:  4 4 10 1
2420:  0 5 0 2
2421:  1 6 1 3
2422:  2 0 2 4
2423:  3 1 3 5
2424:  4 2 4 6
2425:  0 3 5 7 <
2426:  1 4 6 8
2427:  2 5 7 9 <
2428:  3 6 8 10
2429:  4 0 9 11
2430:  0 1 10 12
2431:  1 2 0 0
2432:  2 3 1 1 <
2433:  3 4 2 2
2434:  4 5 3 3
2435:  0 6 4 4
2436:  1 0 5 5
2437:  2 1 6 6
2438:  3 2 7 7 <
2439:  4 3 8 8
2440:  0 4 9 9
2441:  1 5 10 10
2442:  2 6 0 11
2443:  3 0 1 12 <
2444:  4 1 2 0
2445:  0 2 3 1 <
2446:  1 3 4 2
2447:  2 4 5 3 <
2448:  3 5 6 4 <
2449:  4 6 7 5
2450:  0 0 8 6 <
2451:  1 1 9 7
2452:  2 2 10 8 <
2453:  3 3 0 9 <
2454:  4 4 1 10
2455:  0 5 2 11
2456:  1 6 3 12
2457:  2 0 4 0 <
2458:  3 1 5 1
2459:  4 2 6 2
2460:  0 3 7 3 <
2461:  1 4 8 4
2462:  2 5 9 5
2463:  3 6 10 6
2464:  4 0 0 7
2465:  0 1 1 8
2466:  1 2 2 9
2467:  2 3 3 10 <
2468:  3 4 4 11
2469:  4 5 5 12
2470:  0 6 6 0
2471:  1 0 7 1
2472:  2 1 8 2
2473:  3 2 9 3
2474:  4 3 10 4
2475:  0 4 0 5 <
2476:  1 5 1 6
2477:  2 6 2 7
2478:  3 0 3 8 <
2479:  4 1 4 9
2480:  0 2 5 10 <
2481:  1 3 6 11
2482:  2 4 7 12 <
2483:  3 5 8 0 <
2484:  4 6 9 1
2485:  0 0 10 2
2486:  1 1 0 3
2487:  2 2 1 4 <
2488:  3 3 2 5
2489:  4 4 3 6
2490:  0 5 4 7 <
2491:  1 6 5 8
2492:  2 0 6 9 <
2493:  3 1 7 10
2494:  4 2 8 11
2495:  0 3 9 12
2496:  1 4 10 0
2497:  2 5 0 1 <
2498:  3 6 1 2
2499:  4 0 2 3
2500:  0 1 3 4
2501:  1 2 4 5
2502:  2 3 5 6 <
2503:  3 4 6 7 <
2504:  4 5 7 8
2505:  0 6 8 9
2506:  1 0 9 10
2507:  2 1 10 11
2508:  3 2 0 12 <
2509:  4 3 1 0
2510:  0 4 2 1
2511:  1 5 3 2
2512:  2 6 4 3
2513:  3 0 5 4 <
2514:  4 1 6 5
2515:  0 2 7 6 <
2516:  1 3 8 7
2517:  2 4 9 8
2518:  3 5 10 9 <
2519:  4 6 0 10
2520:  0 0 1 11
2521:  1 1 2 12
2522:  2 2 3 0 <
2523:  3 3 4 1 <
2524:  4 4 5 2
2525:  0 5 6 3 <
2526:  1 6 7 4
2527:  2 0 8 5 <
2528:  3 1 9 6
2529:  4 2 10 7
2530:  0 3 0 8 <
2531:  1 4 1 9
2532:  2 5 2 10
2533:  3 6 3 11
2534:  4 0 4 12
2535:  0 1 5 0
2536:  1 2 6 1
2537:  2 3 7 2
2538:  3 4 8 3 <
2539:  4 5 9 4
2540:  0 6 10 5
2541:  1 0 0 6
2542:  2 1 1 7
2543:  3 2 2 8
2544:  4 3 3 9
2545:  0 4 4 10 <
2546:  1 5 5 11
2547:  2 6 6 12
2548:  3 0 7 0 <
2549:  4 1 8 1
2550:  0 2 9 2
2551:  1 3 10 3
2552:  2 4 0 4 <
2553:  3 5 1 5 <
2554:  4 6 2 6
2555:  0 0 3 7 <
2556:  1 1 4 8
2557:  2 2 5 9 <
2558:  3 3 6 10 <
2559:  4 4 7 11
2560:  0 5 8 12 <
2561:  1 6 9 0
2562:  2 0 10 1 <
2563:  3 1 0 2
2564:  4 2 1 3
2565:  0 3 2 4
2566:  1 4 3 5
2567:  2 5 4 6 <
2568:  3 6 5 7
2569:  4 0 6 8
2570:  0 1 7 9
2571:  1 2 8 10
2572:  2 3 9 11
2573:  3 4 10 12 <
2574:  4 5 0 0
2575:  0 6 1 1
2576:  1 0 2 2
2577:  2 1 3 3
2578:  3 2 4 4 <
2579:  4 3 5 5
2580:  0 4 6 6 <
2581:  1 5 7 7
2582:  2 6 8 8
2583:  3 0 9 9
2584:  4 1 10 10
2585:  0 2 0 11
2586:  1 3 1 12
2587:  2 4 2 0
2588:  3 5 3 1 <
2589:  4 6 4 2
2590:  0 0 5 3 <
2591:  1 1 6 4
2592:  2 2 7 5 <
2593:  3 3 8 6 <
2594:  4 4 9 7
2595:  0 5 10 8 <
2596:  1 6 0 9
2597:  2 0 1 10 <
2598:  3 1 2 11
2599:  4 2 3 12
2600:  0 3 4 0 <
2601:  1 4 5 1
2602:  2 5 6 2
2603:  3 6 7 3
2604:  4 0 8 4
2605:  0 1 9 5
2606:  1 2 10 6
2607:  2 3 0 7 <
2608:  3 4 1 8 <
2609:  4 5 2 9
2610:  0 6 3 10
2611:  1 0 4 11
2612:  2 1 5 12
2613:  3 2 6 0 <
2614:  4 3 7 1
2615:  0 4 8 2
2616:  1 5 9 3
2617:  2 6 10 4
2618:  3 0 0 5 <
2619:  4 1 1 6
2620:  0 2 2 7
2621:  1 3 3 8
2622:  2 4 4 9 <
2623:  3 5 5 10 <
2624:  4 6 6 11
2625:  0 0 7 12 <
2626:  1 1 8 0
2627:  2 2 9 1
2628:  3 3 10 2
2629:  4 4 0 3
2630:  0 5 1 4 <
2631:  1 6 2 5
2632:  2 0 3 6 <
2633:  3 1 4 7
2634:  4 2 5 8
2635:  0 3 6 9 <
2636:  1 4 7 10
2637:  2 5 8 11
2638:  3 6 9 12
2639:  4 0 10 0
2640:  0 1 0 1
2641:  1 2 1 2
2642:  2 3 2 3
2643:  3 4 3 4 <
2644:  4 5 4 5
2645:  0 6 5 6
2646:  1 0 6 7
2647:  2 1 7 8
2648:  3 2 8 9 <
2649:  4 3 9 10
2650:  0 4 10 11
2651:  1 5 0 12
2652:  2 6 1 0
2653:  3 0 2 1
2654:  4 1 3 2
2655:  0 2 4 3 <
2656:  1 3 5 4
2657:  2 4 6 5 <
2658:  3 5 7 6 <
2659:  4 6 8 7
2660:  0 0 9 8
2661:  1 1 10 9
2662:  2 2 0 10 <
2663:  3 3 1 11
2664:  4 4 2 12
2665:  0 5 3 0 <
2666:  1 6 4 1
2667:  2 0 5 2
2668:  3 1 6 3
2669:  4 2 7 4
2670:  0 3 8 5 <
2671:  1 4 9 6
2672:  2 5 10 7 <
2673:  3 6 0 8
2674:  4 0 1 9
2675:  0 1 2 10
2676:  1 2 3 11
2677:  2 3 4 12 <
2678:  3 4 5 0 <
2679:  4 5 6 1
2680:  0 6 7 2
2681:  1 0 8 3
2682:  2 1 9 4
2683:  3 2 10 5 <
2684:  4 3 0 6
2685:  0 4 1 7 <
2686:  1 5 2 8
2687:  2 6 3 9
2688:  3 0 4 10 <
2689:  4 1 5 11
2690:  0 2 6 12 <
2691:  1 3 7 0
2692:  2 4 8 1 <
2693:  3 5 9 2
2694:  4 6 10 3
2695:  0 0 0 4 <
2696:  1 1 1 5
2697:  2 2 2 6
2698:  3 3 3 7 <
2699:  4 4 4 8
2700:  0 5 5 9 <
2701:  1 6 6 10
2702:  2 0 7 11
2703:  3 1 8 12
2704:  4 2 9 0
2705:  0 3 10 1 <
2706:  1 4 0 2
2707:  2 5 1 3 <
2708:  3 6 2 4
2709:  4 0 3 5
2710:  0 1 4 6
2711:  1 2 5 7
2712:  2 3 6 8 <
2713:  3 4 7 9 <
2714:  4 5 8 10
2715:  0 6 9 11
2716:  1 0 10 12
2717:  2 1 0 0
2718:  3 2 1 1 <
2719:  4 3 2 2
2720:  0 4 3 3 <
2721:  1 5 4 4
2722:  2 6 5 5
2723:  3 0 6 6 <
2724:  4 1 7 7
2725:  0 2 8 8 <
2726:  1 3 9 9
2727:  2 4 10 10 <
2728:  3 5 0 11
2729:  4 6 1 12
2730:  0 0 2 0
2731:  1 1 3 1
2732:  2 2 4 2
2733:  3 3 5 3 <
2734:  4 4 6 4
2735:  0 5 7 5 <
2736:  1 6 8 6
2737:  2 0 9 7
2738:  3 1 10 8
2739:  4 2 0 9
2740:  0 3 1 10 <
2741:  1 4 2 11
2742:  2 5 3 12 <
2743:  3 6 4 0
2744:  4 0 5 1
2745:  0 1 6 2
2746:  1 2 7 3
2747:  2 3 8 4 <
2748:  3 4 9 5
2749:  4 5 10 6
2750:  0 6 0 7
2751:  1 0 1 8
2752:  2 1 2 9
2753:  3 2 3 10 <
2754:  4 3 4 11
2755:  0 4 5 12 <
2756:  1 5 6 0
2757:  2 6 7 1
2758:  3 0 8 2
2759:  4 1 9 3
2760:  0 2 10 4 <
2761:  1 3 0 5
2762:  2 4 1 6 <
2763:  3 5 2 7
2764:  4 6 3 8
2765:  0 0 4 9 <
2766:  1 1 5 10
2767:  2 2 6 11
2768:  3 3 7 12 <
2769:  4 4 8 0
2770:  0 5 9 1
2771:  1 6 10 2
2772:  2 0 0 3 <
2773:  3 1 1 4
2774:  4 2 2 5
2775:  0 3 3 6 <
2776:  1 4 4 7
2777:  2 5 5 8 <
2778:  3 6 6 9
2779:  4 0 7 10
2780:  0 1 8 11
2781:  1 2 9 12
2782:  2 3 10 0 <
2783:  3 4 0 1 <
2784:  4 5 1 2
2785:  0 6 2 3
2786:  1 0 3 4
2787:  2 1 4 5
2788:  3 2 5 6 <
2789:  4 3 6 7
2790:  0 4 7 8 <
2791:  1 5 8 9
2792:  2 6 9 10
2793:  3 0 10 11
2794:  4 1 0 12
2795:  0 2 1 0 <
2796:  1 3 2 1
2797:  2 4 3 2
2798:  3 5 4 3 <
2799:  4 6 5 4
2800:  0 0 6 5 <
2801:  1 1 7 6
2802:  2 2 8 7 <
2803:  3 3 9 8
2804:  4 4 10 9
2805:  0 5 0 10 <
2806:  1 6 1 11
2807:  2 0 2 12
2808:  3 1 3 0
2809:  4 2 4 1
2810:  0 3 5 2
2811:  1 4 6 3
2812:  2 5 7 4 <
2813:  3 6 8 5
2814:  4 0 9 6
2815:  0 1 10 7
2816:  1 2 0 8
2817:  2 3 1 9 <
2818:  3 4 2 10
2819:  4 5 3 11
2820:  0 6 4 12
2821:  1 0 5 0
2822:  2 1 6 1
2823:  3 2 7 2
2824:  4 3 8 3
2825:  0 4 9 4
2826:  1 5 10 5
2827:  2 6 0 6
2828:  3 0 1 7 <
2829:  4 1 2 8
2830:  0 2 3 9 <
2831:  1 3 4 10
2832:  2 4 5 11
2833:  3 5 6 12 <
2834:  4 6 7 0
2835:  0 0 8 1 <
2836:  1 1 9 2
2837:  2 2 10 3 <
2838:  3 3 0 4 <
2839:  4 4 1 5
2840:  0 5 2 6
2841:  1 6 3 7
2842:  2 0 4 8 <
2843:  3 1 5 9
2844:  4 2 6 10
2845:  0 3 7 11
2846:  1 4 8 12
2847:  2 5 9 0
2848:  3 6 10 1
2849:  4 0 0 2
2850:  0 1 1 3
2851:  1 2 2 4
2852:  2 3 3 5 <
2853:  3 4 4 6 <
2854:  4 5 5 7
2855:  0 6 6 8
2856:  1 0 7 9
2857:  2 1 8 10
2858:  3 2 9 11
2859:  4 3 10 12
2860:  0 4 0 0 <
2861:  1 5 1 1
2862:  2 6 2 2
2863:  3 0 3 3 <
2864:  4 1 4 4
2865:  0 2 5 5 <
2866:  1 3 6 6
2867:  2 4 7 7 <
2868:  3 5 8 8 <
2869:  4 6 9 9
2870:  0 0 10 10 <
2871:  1 1 0 11
2872:  2 2 1 12 <
2873:  3 3 2 0
2874:  4 4 3 1
2875:  0 5 4 2
2876:  1 6 5 3
2877:  2 0 6 4 <
2878:  3 1 7 5
2879:  4 2 8 6
2880:  0 3 9 7
2881:  1 4 10 8
2882:  2 5 0 9 <
2883:  3 6 1 10
2884:  4 0 2 11
2885:  0 1 3 12
2886:  1 2 4 0
2887:  2 3 5 1 <
2888:  3 4 6 2
2889:  4 5 7 3
2890:  0 6 8 4
2891:  1 0 9 5
2892:  2 1 10 6
2893:  3 2 0 7 <
2894:  4 3 1 8
2895:  0 4 2 9
2896:  1 5 3 10
2897:  2 6 4 11
2898:  3 0 5 12 <
2899:  4 1 6 0
2900:  0 2 7 1 <
2901:  1 3 8 2
2902:  2 4 9 3
2903:  3 5 10 4 <
2904:  4 6 0 5
2905:  0 0 1 6 <
2906:  1 1 2 7
2907:  2 2 3 8 <
2908:  3 3 4 9 <
2909:  4 4 5 10
2910:  0 5 6 11
2911:  1 6 7 12
2912:  2 0 8 0 <
2913:  3 1 9 1
2914:  4 2 10 2
2915:  0 3 0 3 <
2916:  1 4 1 4
2917:  2 5 2 5
2918:  3 6 3 6
2919:  4 0 4 7
2920:  0 1 5 8
2921:  1 2 6 9
2922:  2 3 7 10 <
2923:  3 4 8 11
2924:  4 5 9 12
2925:  0 6 10 0
2926:  1 0 0 1
2927:  2 1 1 2
2928:  3 2 2 3
2929:  4 3 3 4
2930:  0 4 4 5 <
2931:  1 5 5 6
2932:  2 6 6 7
2933:  3 0 7 8 <
2934:  4 1 8 9
2935:  0 2 9 10
2936:  1 3 10 11
2937:  2 4 0 12 <
2938:  3 5 1 0 <
2939:  4 6 2 1
2940:  0 0 3 2
2941:  1 1 4 3
2942:  2 2 5 4 <
2943:  3 3 6 5 <
2944:  4 4 7 6
2945:  0 5 8 7 <
2946:  1 6 9 8
2947:  2 0 10 9 <
2948:  3 1 0 10
2949:  4 2 1 11
2950:  0 3 2 12
2951:  1 4 3 0
2952:  2 5 4 1 <
2953:  3 6 5 2
2954:  4 0 6 3
2955:  0 1 7 4
2956:  1 2 8 5
2957:  2 3 9 6
2958:  3 4 10 7 <
2959:  4 5 0 8
2960:  0 6 1 9
2961:  1 0 2 10
2962:  2 1 3 11
2963:  3 2 4 12 <
2964:  4 3 5 0
2965:  0 4 6 1 <
2966:  1 5 7 2
2967:  2 6 8 3
2968:  3 0 9 4
2969:  4 1 10 5
2970:  0 2 0 6 <
2971:  1 3 1 7
2972:  2 4 2 8
2973:  3 5 3 9 <
2974:  4 6 4 10
2975:  0 0 5 11
2976:  1 1 6 12
2977:  2 2 7 0 <
2978:  3 3 8 1 <
2979:  4 4 9 2
2980:  0 5 10 3 <
2981:  1 6 0 4
2982:  2 0 1 5 <
2983:  3 1 2 6
2984:  4 2 3 7
2985:  0 3 4 8 <
2986:  1 4 5 9
2987:  2 5 6 10 <
2988:  3 6 7 11
2989:  4 0 8 12
2990:  0 1 9 0
2991:  1 2 10 1
2992:  2 3 0 2
2993:  3 4 1 3 <
2994:  4 5 2 4
2995:  0 6 3 5
2996:  1 0 4 6
2997:  2 1 5 7
2998:  3 2 6 8 <
2999:  4 3 7 9
3000:  0 4 8 10 <
3001:  1 5 9 11
3002:  2 6 10 12
3003:  3 0 0 0 <
3004:  4 1 1 1
3005:  0 2 2 2
3006:  1 3 3 3
3007:  2 4 4 4 <
3008:  3 5 5 5 <
3009:  4 6 6 6
3010:  0 0 7 7 <
3011:  1 1 8 8
3012:  2 2 9 9
3013:  3 3 10 10 <
3014:  4 4 0 11
3015:  0 5 1 12 <
3016:  1 6 2 0
3017:  2 0 3 1 <
3018:  3 1 4 2
3019:  4 2 5 3
3020:  0 3 6 4 <
3021:  1 4 7 5
3022:  2 5 8 6 <
3023:  3 6 9 7
3024:  4 0 10 8
3025:  0 1 0 9
3026:  1 2 1 10
3027:  2 3 2 11
3028:  3 4 3 12 <
3029:  4 5 4 0
3030:  0 6 5 1
3031:  1 0 6 2
3032:  2 1 7 3
3033:  3 2 8 4 <
3034:  4 3 9 5
3035:  0 4 10 6 <
3036:  1 5 0 7
3037:  2 6 1 8
3038:  3 0 2 9
3039:  4 1 3 10
3040:  0 2 4 11
3041:  1 3 5 12
3042:  2 4 6 0 <
3043:  3 5 7 1 <
3044:  4 6 8 2
3045:  0 0 9 3
3046:  1 1 10 4
3047:  2 2 0 5 <
3048:  3 3 1 6 <
3049:  4 4 2 7
3050:  0 5 3 8 <
3051:  1 6 4 9
3052:  2 0 5 10 <
3053:  3 1 6 11
3054:  4 2 7 12
3055:  0 3 8 0 <
3056:  1 4 9 1
3057:  2 5 10 2
3058:  3 6 0 3
3059:  4 0 1 4
3060:  0 1 2 5
3061:  1 2 3 6
3062:  2 3 4 7 <
3063:  3 4 5 8 <
3064:  4 5 6 9
3065:  0 6 7 10
3066:  1 0 8 11
3067:  2 1 9 12
3068:  3 2 10 0 <
3069:  4 3 0 1
3070:  0 4 1 2
3071:  1 5 2 3
3072:  2 6 3 4
3073:  3 0 4 5 <
3074:  4 1 5 6
3075:  0 2 6 7 <
3076:  1 3 7 8
3077:  2 4 8 9 <
3078:  3 5 9 10
3079:  4 6 10 11
3080:  0 0 0 12 <
3081:  1 1 1 0
3082:  2 2 2 1
3083:  3 3 3 2
3084:  4 4 4 3
3085:  0 5 5 4 <
3086:  1 6 6 5
3087:  2 0 7 6 <
3088:  3 1 8 7
3089:  4 2 9 8
3090:  0 3 10 9 <
3091:  1 4 0 10
3092:  2 5 1 11
3093:  3 6 2 12
3094:  4 0 3 0
3095:  0 1 4 1
3096:  1 2 5 2
3097:  2 3 6 3 <
3098:  3 4 7 4 <
3099:  4 5 8 5
3100:  0 6 9 6
3101:  1 0 10 7
3102:  2 1 0 8
3103:  3 2 1 9 <
3104:  4 3 2 10
3105:  0 4 3 11
3106:  1 5 4 12
3107:  2 6 5 0
3108:  3 0 6 1 <
3109:  4 1 7 2
3110:  0 2 8 3 <
3111:  1 3 9 4
3112:  2 4 10 5 <
3113:  3 5 0 6 <
3114:  4 6 1 7
3115:  0 0 2 8
3116:  1 1 3 9
3117:  2 2 4 10 <
3118:  3 3 5 11
3119:  4 4 6 12
3120:  0 5 7 0 <
3121:  1 6 8 1
3122:  2 0 9 2
3123:  3 1 10 3
3124:  4 2 0 4
3125:  0 3 1 5 <
3126:  1 4 2 6
3127:  2 5 3 7 <
3128:  3 6 4 8
3129:  4 0 5 9
3130:  0 1 6 10
3131:  1 2 7 11
3132:  2 3 8 12 <
3133:  3 4 9 0
3134:  4 5 10 1
3135:  0 6 0 2
3136:  1 0 1 3
3137:  2 1 2 4
3138:  3 2 3 5 <
3139:  4 3 4 6
3140:  0 4 5 7 <
3141:  1 5 6 8
3142:  2 6 7 9
3143:  3 0 8 10 <
3144:  4 1 9 11
3145:  0 2 10 12 <
3146:  1 3 0 0
3147:  2 4 1 1 <
3148:  3 5 2 2
3149:  4 6 3 3
3150:  0 0 4 4 <
3151:  1 1 5 5
3152:  2 2 6 6 <
3153:  3 3 7 7 <
3154:  4 4 8 8
3155:  0 5 9 9
3156:  1 6 10 10
3157:  2 0 0 11
3158:  3 1 1 12
3159:  4 2 2 0
3160:  0 3 3 1 <
3161:  1 4 4 2
3162:  2 5 5 3 <
3163:  3 6 6 4
3164:  4 0 7 5
3165:  0 1 8 6
3166:  1 2 9 7
3167:  2 3 10 8 <
3168:  3 4 0 9 <
3169:  4 5 1 10
3170:  0 6 2 11
3171:  1 0 3 12
3172:  2 1 4 0
3173:  3 2 5 1 <
3174:  4 3 6 2
3175:  0 4 7 3 <
3176:  1 5 8 4
3177:  2 6 9 5
3178:  3 0 10 6 <
3179:  4 1 0 7
3180:  0 2 1 8 <
3181:  1 3 2 9
3182:  2 4 3 10 <
3183:  3 5 4 11
3184:  4 6 5 12
3185:  0 0 6 0 <
3186:  1 1 7 1
3187:  2 2 8 2
3188:  3 3 9 3
3189:  4 4 10 4
3190:  0 5 0 5 <
3191:  1 6 1 6
3192:  2 0 2 7
3193:  3 1 3 8
3194:  4 2 4 9
3195:  0 3 5 10 <
3196:  1 4 6 11
3197:  2 5 7 12 <
3198:  3 6 8 0
3199:  4 0 9 1
3200:  0 1 10 2
3201:  1 2 0 3
3202:  2 3 1 4 <
3203:  3 4 2 5
3204:  4 5 3 6
3205:  0 6 4 7
3206:  1 0 5 8
3207:  2 1 6 9
3208:  3 2 7 10 <
3209:  4 3 8 11
3210:  0 4 9 12
3211:  1 5 10 0
3212:  2 6 0 1
3213:  3 0 1 2
3214:  4 1 2 3
3215:  0 2 3 4 <
3216:  1 3 4 5
3217:  2 4 5 6 <
3218:  3 5 6 7 <
3219:  4 6 7 8
3220:  0 0 8 9 <
3221:  1 1 9 10
3222:  2 2 10 11
3223:  3 3 0 12 <
3224:  4 4 1 0
3225:  0 5 2 1
3226:  1 6 3 2
3227:  2 0 4 3 <
3228:  3 1 5 4
3229:  4 2 6 5
3230:  0 3 7 6 <
3231:  1 4 8 7
3232:  2 5 9 8
3233:  3 6 10 9
3234:  4 0 0 10
3235:  0 1 1 11
3236:  1 2 2 12
3237:  2 3 3 0 <
3238:  3 4 4 1 <
3239:  4 5 5 2
3240:  0 6 6 3
3241:  1 0 7 4
3242:  2 1 8 5
3243:  3 2 9 6
3244:  4 3 10 7
3245:  0 4 0 8 <
3246:  1 5 1 9
3247:  2 6 2 10
3248:  3 0 3 11
3249:  4 1 4 12
3250:  0 2 5 0 <
3251:  1 3 6 1
3252:  2 4 7 2
3253:  3 5 8 3 <
3254:  4 6 9 4
3255:  0 0 10 5 <
3256:  1 1 0 6
3257:  2 2 1 7 <
3258:  3 3 2 8
3259:  4 4 3 9
3260:  0 5 4 10 <
3261:  1 6 5 11
3262:  2 0 6 12 <
3263:  3 1 7 0
3264:  4 2 8 1
3265:  0 3 9 2
3266:  1 4 10 3
3267:  2 5 0 4 <
3268:  3 6 1 5
3269:  4 0 2 6
3270:  0 1 3 7
3271:  1 2 4 8
3272:  2 3 5 9 <
3273:  3 4 6 10 <
3274:  4 5 7 11
3275:  0 6 8 12
3276:  1 0 9 0
3277:  2 1 10 1
3278:  3 2 0 2
3279:  4 3 1 3
3280:  0 4 2 4
3281:  1 5 3 5
3282:  2 6 4 6
3283:  3 0 5 7 <
3284:  4 1 6 8
3285:  0 2 7 9 <
3286:  1 3 8 10
3287:  2 4 9 11
3288:  3 5 10 12 <
3289:  4 6 0 0
3290:  0 0 1 1 <
3291:  1 1 2 2
3292:  2 2 3 3 <
3293:  3 3 4 4 <
3294:  4 4 5 5
3295:  0 5 6 6 <
3296:  1 6 7 7
3297:  2 0 8 8 <
3298:  3 1 9 9
3299:  4 2 10 10
3300:  0 3 0 11
3301:  1 4 1 12
3302:  2 5 2 0
3303:  3 6 3 1
3304:  4 0 4 2
3305:  0 1 5 3
3306:  1 2 6 4
3307:  2 3 7 5 <
3308:  3 4 8 6 <
3309:  4 5 9 7
3310:  0 6 10 8
3311:  1 0 0 9
3312:  2 1 1 10
3313:  3 2 2 11
3314:  4 3 3 12
3315:  0 4 4 0 <
3316:  1 5 5 1
3317:  2 6 6 2
3318:  3 0 7 3 <
3319:  4 1 8 4
3320:  0 2 9 5
3321:  1 3 10 6
3322:  2 4 0 7 <
3323:  3 5 1 8 <
3324:  4 6 2 9
3325:  0 0 3 10 <
3326:  1 1 4 11
3327:  2 2 5 12 <
3328:  3 3 6 0 <
3329:  4 4 7 1
3330:  0 5 8 2
3331:  1 6 9 3
3332:  2 0 10 4 <
3333:  3 1 0 5
3334:  4 2 1 6
3335:  0 3 2 7
3336:  1 4 3 8
3337:  2 5 4 9 <
3338:  3 6 5 10
3339:  4 0 6 11
3340:  0 1 7 12
3341:  1 2 8 0
3342:  2 3 9 1
3343:  3 4 10 2
3344:  4 5 0 3
3345:  0 6 1 4
3346:  1 0 2 5
3347:  2 1 3 6
3348:  3 2 4 7 <
3349:  4 3 5 8
3350:  0 4 6 9 <
3351:  1 5 7 10
3352:  2 6 8 11
3353:  3 0 9 12
3354:  4 1 10 0
3355:  0 2 0 1 <
3356:  1 3 1 2
3357:  2 4 2 3
3358:  3 5 3 4 <
3359:  4 6 4 5
3360:  0 0 5 6 <
3361:  1 1 6 7
3362:  2 2 7 8 <
3363:  3 3 8 9 <
3364:  4 4 9 10
3365:  0 5 10 11
3366:  1 6 0 12
3367:  2 0 1 0 <
3368:  3 1 2 1
3369:  4 2 3 2
3370:  0 3 4 3 <
3371:  1 4 5 4
3372:  2 5 6 5 <
3373:  3 6 7 6
3374:  4 0 8 7
3375:  0 1 9 8
3376:  1 2 10 9
3377:  2 3 0 10 <
3378:  3 4 1 11
3379:  4 5 2 12
3380:  0 6 3 0
3381:  1 0 4 1
3382:  2 1 5 2
3383:  3 2 6 3 <
3384:  4 3 7 4
3385:  0 4 8 5 <
3386:  1 5 9 6
3387:  2 6 10 7
3388:  3 0 0 8 <
3389:  4 1 1 9
3390:  0 2 2 10
3391:  1 3 3 11
3392:  2 4 4 12 <
3393:  3 5 5 0 <
3394:  4 6 6 1
3395:  0 0 7 2
3396:  1 1 8 3
3397:  2 2 9 4
3398:  3 3 10 5 <
3399:  4 4 0 6
3400:  0 5 1 7 <
3401:  1 6 2 8
3402:  2 0 3 9 <
3403:  3 1 4 10
3404:  4 2 5 11
3405:  0 3 6 12 <
3406:  1 4 7 0
3407:  2 5 8 1 <
3408:  3 6 9 2
3409:  4 0 10 3
3410:  0 1 0 4
3411:  1 2 1 5
3412:  2 3 2 6
3413:  3 4 3 7 <
3414:  4 5 4 8
3415:  0 6 5 9
3416:  1 0 6 10
3417:  2 1 7 11
3418:  3 2 8 12 <
3419:  4 3 9 0
3420:  0 4 10 1 <
3421:  1 5 0 2
3422:  2 6 1 3
3423:  3 0 2 4
3424:  4 1 3 5
3425:  0 2 4 6 <
3426:  1 3 5 7
3427:  2 4 6 8 <
3428:  3 5 7 9 <
3429:  4 6 8 10
3430:  0 0 9 11
3431:  1 1 10 12
3432:  2 2 0 0 <
3433:  3 3 1 1 <
3434:  4 4 2 2
3435:  0 5 3 3 <
3436:  1 6 4 4
3437:  2 0 5 5 <
3438:  3 1 6 6
3439:  4 2 7 7
3440:  0 3 8 8 <
3441:  1 4 9 9
3442:  2 5 10 10 <
3443:  3 6 0 11
3444:  4 0 1 12
3445:  0 1 2 0
3446:  1 2 3 1
3447:  2 3 4 2
3448:  3 4 5 3 <
3449:  4 5 6 4
3450:  0 6 7 5
3451:  1 0 8 6
3452:  2 1 9 7
3453:  3 2 10 8 <
3454:  4 3 0 9
3455:  0 4 1 10 <
3456:  1 5 2 11
3457:  2 6 3 12
3458:  3 0 4 0 <
3459:  4 1 5 1
3460:  0 2 6 2
3461:  1 3 7 3
3462:  2 4 8 4 <
3463:  3 5 9 5
3464:  4 6 10 6
3465:  0 0 0 7 <
3466:  1 1 1 8
3467:  2 2 2 9
3468:  3 3 3 10 <
3469:  4 4 4 11
3470:  0 5 5 12 <
3471:  1 6 6 0
3472:  2 0 7 1 <
3473:  3 1 8 2
3474:  4 2 9 3
3475:  0 3 10 4 <
3476:  1 4 0 5
3477:  2 5 1 6 <
3478:  3 6 2 7
3479:  4 0 3 8
3480:  0 1 4 9
3481:  1 2 5 10
3482:  2 3 6 11
3483:  3 4 7 12 <
3484:  4 5 8 0
3485:  0 6 9 1
3486:  1 0 10 2
3487:  2 1 0 3
3488:  3 2 1 4 <
3489:  4 3 2 5
3490:  0 4 3 6 <
3491:  1 5 4 7
3492:  2 6 5 8
3493:  3 0 6 9 <
3494:  4 1 7 10
3495:  0 2 8 11
3496:  1 3 9 12
3497:  2 4 10 0 <
3498:  3 5 0 1 <
3499:  4 6 1 2
3500:  0 0 2 3
3501:  1 1 3 4
3502:  2 2 4 5 <
3503:  3 3 5 6 <
3504:  4 4 6 7
3505:  0 5 7 8 <
3506:  1 6 8 9
3507:  2 0 9 10
3508:  3 1 10 11
3509:  4 2 0 12
3510:  0 3 1 0 <
3511:  1 4 2 1
3512:  2 5 3 2
3513:  3 6 4 3
3514:  4 0 5 4
3515:  0 1 6 5
3516:  1 2 7 6
3517:  2 3 8 7 <
3518:  3 4 9 8
3519:  4 5 10 9
3520:  0 6 0 10
3521:  1 0 1 11
3522:  2 1 2 12
3523:  3 2 3 0 <
3524:  4 3 4 1
3525:  0 4 5 2
3526:  1 5 6 3
3527:  2 6 7 4
3528:  3 0 8 5 <
3529:  4 1 9 6
3530:  0 2 10 7 <
3531:  1 3 0 8
3532:  2 4 1 9 <
3533:  3 5 2 10
3534:  4 6 3 11
3535:  0 0 4 12 <
3536:  1 1 5 0
3537:  2 2 6 1 <
3538:  3 3 7 2
3539:  4 4 8 3
3540:  0 5 9 4
3541:  1 6 10 5
3542:  2 0 0 6 <
3543:  3 1 1 7
3544:  4 2 2 8
3545:  0 3 3 9 <
3546:  1 4 4 10
3547:  2 5 5 11
3548:  3 6 6 12
3549:  4 0 7 0
3550:  0 1 8 1
3551:  1 2 9 2
3552:  2 3 10 3 <
3553:  3 4 0 4 <
3554:  4 5 1 5
3555:  0 6 2 6
3556:  1 0 3 7
3557:  2 1 4 8
3558:  3 2 5 9 <
3559:  4 3 6 10
3560:  0 4 7 11
3561:  1 5 8 12
3562:  2 6 9 0
3563:  3 0 10 1 <
3564:  4 1 0 2
3565:  0 2 1 3 <
3566:  1 3 2 4
3567:  2 4 3 5 <
3568:  3 5 4 6 <
3569:  4 6 5 7
3570:  0 0 6 8 <
3571:  1 1 7 9
3572:  2 2 8 10 <
3573:  3 3 9 11
3574:  4 4 10 12
3575:  0 5 0 0 <
3576:  1 6 1 1
3577:  2 0 2 2
3578:  3 1 3 3
3579:  4 2 4 4
3580:  0 3 5 5 <
3581:  1 4 6 6
3582:  2 5 7 7 <
3583:  3 6 8 8
3584:  4 0 9 9
3585:  0 1 10 10
3586:  1 2 0 11
3587:  2 3 1 12 <
3588:  3 4 2 0
3589:  4 5 3 1
3590:  0 6 4 2
3591:  1 0 5 3
3592:  2 1 6 4
3593:  3 2 7 5 <
3594:  4 3 8 6
3595:  0 4 9 7
3596:  1 5 10 8
3597:  2 6 0 9
3598:  3 0 1 10 <
3599:  4 1 2 11
3600:  0 2 3 12 <
3601:  1 3 4 0
3602:  2 4 5 1 <
3603:  3 5 6 2
3604:  4 6 7 3
3605:  0 0 8 4 <
3606:  1 1 9 5
3607:  2 2 10 6 <
3608:  3 3 0 7 <
3609:  4 4 1 8
3610:  0 5 2 9
3611:  1 6 3 10
3612:  2 0 4 11
3613:  3 1 5 12
3614:  4 2 6 0
3615:  0 3 7 1 <
3616:  1 4 8 2
3617:  2 5 9 3
3618:  3 6 10 4
3619:  4 0 0 5
3620:  0 1 1 6
3621:  1 2 2 7
3622:  2 3 3 8 <
3623:  3 4 4 9 <
3624:  4 5 5 10
3625:  0 6 6 11
3626:  1 0 7 12
3627:  2 1 8 0
3628:  3 2 9 1
3629:  4 3 10 2
3630:  0 4 0 3 <
3631:  1 5 1 4
3632:  2 6 2 5
3633:  3 0 3 6 <
3634:  4 1 4 7
3635:  0 2 5 8 <
3636:  1 3 6 9
3637:  2 4 7 10 <
3638:  3 5 8 11
3639:  4 6 9 12
3640:  0 0 10 0 <
3641:  1 1 0 1
3642:  2 2 1 2
3643:  3 3 2 3
3644:  4 4 3 4
3645:  0 5 4 5 <
3646:  1 6 5 6
3647:  2 0 6 7 <
3648:  3 1 7 8
3649:  4 2 8 9
3650:  0 3 9 10
3651:  1 4 10 11
3652:  2 5 0 12 <
3653:  3 6 1 0
3654:  4 0 2 1
3655:  0 1 3 2
3656:  1 2 4 3
3657:  2 3 5 4 <
3658:  3 4 6 5 <
3659:  4 5 7 6
3660:  0 6 8 7
3661:  1 0 9 8
3662:  2 1 10 9
3663:  3 2 0 10 <
3664:  4 3 1 11
3665:  0 4 2 12
3666:  1 5 3 0
3667:  2 6 4 1
3668:  3 0 5 2
3669:  4 1 6 3
3670:  0 2 7 4 <
3671:  1 3 8 5
3672:  2 4 9 6
3673:  3 5 10 7 <
3674:  4 6 0 8
3675:  0 0 1 9 <
3676:  1 1 2 10
3677:  2 2 3 11
3678:  3 3 4 12 <
3679:  4 4 5 0
3680:  0 5 6 1 <
3681:  1 6 7 2
3682:  2 0 8 3 <
3683:  3 1 9 4
3684:  4 2 10 5
3685:  0 3 0 6 <
3686:  1 4 1 7
3687:  2 5 2 8
3688:  3 6 3 9
3689:  4 0 4 10
3690:  0 1 5 11
3691:  1 2 6 12
3692:  2 3 7 0 <
3693:  3 4 8 1 <
3694:  4 5 9 2
3695:  0 6 10 3
3696:  1 0 0 4
3697:  2 1 1 5
3698:  3 2 2 6
3699:  4 3 3 7
3700:  0 4 4 8 <
3701:  1 5 5 9
3702:  2 6 6 10
3703:  3 0 7 11
3704:  4 1 8 12
3705:  0 2 9 0
3706:  1 3 10 1
3707:  2 4 0 2
3708:  3 5 1 3 <
3709:  4 6 2 4
3710:  0 0 3 5 <
3711:  1 1 4 6
3712:  2 2 5 7 <
3713:  3 3 6 8 <
3714:  4 4 7 9
3715:  0 5 8 10 <
3716:  1 6 9 11
3717:  2 0 10 12 <
3718:  3 1 0 0
3719:  4 2 1 1
3720:  0 3 2 2
3721:  1 4 3 3
3722:  2 5 4 4 <
3723:  3 6 5 5
3724:  4 0 6 6
3725:  0 1 7 7
3726:  1 2 8 8
3727:  2 3 9 9
3728:  3 4 10 10 <
3729:  4 5 0 11
3730:  0 6 1 12
3731:  1 0 2 0
3732:  2 1 3 1
3733:  3 2 4 2
3734:  4 3 5 3
3735:  0 4 6 4 <
3736:  1 5 7 5
3737:  2 6 8 6
3738:  3 0 9 7
3739:  4 1 10 8
3740:  0 2 0 9 <
3741:  1 3 1 10
3742:  2 4 2 11
3743:  3 5 3 12 <
3744:  4 6 4 0
3745:  0 0 5 1 <
3746:  1 1 6 2
3747:  2 2 7 3 <
3748:  3 3 8 4 <
3749:  4 4 9 5
3750:  0 5 10 6 <
3751:  1 6 0 7
3752:  2 0 1 8 <
3753:  3 1 2 9
3754:  4 2 3 10
3755:  0 3 4 11
3756:  1 4 5 12
3757:  2 5 6 0 <
3758:  3 6 7 1
3759:  4 0 8 2
3760:  0 1 9 3
3761:  1 2 10 4
3762:  2 3 0 5 <
3763:  3 4 1 6 <
3764:  4 5 2 7
3765:  0 6 3 8
3766:  1 0 4 9
3767:  2 1 5 10
3768:  3 2 6 11
3769:  4 3 7 12
3770:  0 4 8 0 <
3771:  1 5 9 1
3772:  2 6 10 2
3773:  3 0 0 3 <
3774:  4 1 1 4
3775:  0 2 2 5
3776:  1 3 3 6
3777:  2 4 4 7 <
3778:  3 5 5 8 <
3779:  4 6 6 9
3780:  0 0 7 10 <
3781:  1 1 8 11
3782:  2 2 9 12
3783:  3 3 10 0 <
3784:  4 4 0 1
3785:  0 5 1 2
3786:  1 6 2 3
3787:  2 0 3 4 <
3788:  3 1 4 5
3789:  4 2 5 6
3790:  0 3 6 7 <
3791:  1 4 7 8
3792:  2 5 8 9 <
3793:  3 6 9 10
3794:  4 0 10 11
3795:  0 1 0 12
3796:  1 2 1 0
3797:  2 3 2 1
3798:  3 4 3 2
3799:  4 5 4 3
3800:  0 6 5 4
3801:  1 0 6 5
3802:  2 1 7 6
3803:  3 2 8 7 <
3804:  4 3 9 8
3805:  0 4 10 9 <
3806:  1 5 0 10
3807:  2 6 1 11
3808:  3 0 2 12
3809:  4 1 3 0
3810:  0 2 4 1 <
3811:  1 3 5 2
3812:  2 4 6 3 <
3813:  3 5 7 4 <
3814:  4 6 8 5
3815:  0 0 9 6
3816:  1 1 10 7
3817:  2 2 0 8 <
3818:  3 3 1 9 <
3819:  4 4 2 10
3820:  0 5 3 11
3821:  1 6 4 12
3822:  2 0 5 0 <
3823:  3 1 6 1
3824:  4 2 7 2
3825:  0 3 8 3 <
3826:  1 4 9 4
3827:  2 5 10 5 <
3828:  3 6 0 6
3829:  4 0 1 7
3830:  0 1 2 8
3831:  1 2 3 9
3832:  2 3 4 10 <
3833:  3 4 5 11
3834:  4 5 6 12
3835:  0 6 7 0
3836:  1 0 8 1
3837:  2 1 9 2
3838:  3 2 10 3 <
3839:  4 3 0 4
3840:  0 4 1 5 <
3841:  1 5 2 6
3842:  2 6 3 7
3843:  3 0 4 8 <
3844:  4 1 5 9
3845:  0 2 6 10 <
3846:  1 3 7 11
3847:  2 4 8 12 <
3848:  3 5 9 0
3849:  4 6 10 1
3850:  0 0 0 2
3851:  1 1 1 3
3852:  2 2 2 4
3853:  3 3 3 5 <
3854:  4 4 4 6
3855:  0 5 5 7 <
3856:  1 6 6 8
3857:  2 0 7 9 <
3858:  3 1 8 10
3859:  4 2 9 11
3860:  0 3 10 12 <
3861:  1 4 0 0
3862:  2 5 1 1 <
3863:  3 6 2 2
3864:  4 0 3 3
3865:  0 1 4 4
3866:  1 2 5 5
3867:  2 3 6 6 <
3868:  3 4 7 7 <
3869:  4 5 8 8
3870:  0 6 9 9
3871:  1 0 10 10
3872:  2 1 0 11
3873:  3 2 1 12 <
3874:  4 3 2 0
3875:  0 4 3 1 <
3876:  1 5 4 2
3877:  2 6 5 3
3878:  3 0 6 4 <
3879:  4 1 7 5
3880:  0 2 8 6 <
3881:  1 3 9 7
3882:  2 4 10 8 <
3883:  3 5 0 9 <
3884:  4 6 1 10
3885:  0 0 2 11
3886:  1 1 3 12
3887:  2 2 4 0 <
3888:  3 3 5 1 <
3889:  4 4 6 2
3890:  0 5 7 3 <
3891:  1 6 8 4
3892:  2 0 9 5
3893:  3 1 10 6
3894:  4 2 0 7
3895:  0 3 1 8 <
3896:  1 4 2 9
3897:  2 5 3 10 <
3898:  3 6 4 11
3899:  4 0 5 12
3900:  0 1 6 0
3901:  1 2 7 1
3902:  2 3 8 2
3903:  3 4 9 3
3904:  4 5 10 4
3905:  0 6 0 5
3906:  1 0 1 6
3907:  2 1 2 7
3908:  3 2 3 8 <
3909:  4 3 4 9
3910:  0 4 5 10 <
3911:  1 5 6 11
3912:  2 6 7 12
3913:  3 0 8 0 <
3914:  4 1 9 1
3915:  0 2 10 2
3916:  1 3 0 3
3917:  2 4 1 4 <
3918:  3 5 2 5
3919:  4 6 3 6
3920:  0 0 4 7 <
3921:  1 1 5 8
3922:  2 2 6 9 <
3923:  3 3 7 10 <
3924:  4 4 8 11
3925:  0 5 9 12
3926:  1 6 10 0
3927:  2 0 0 1 <
3928:  3 1 1 2
3929:  4 2 2 3
3930:  0 3 3 4 <
3931:  1 4 4 5
3932:  2 5 5 6 <
3933:  3 6 6 7
3934:  4 0 7 8
3935:  0 1 8 9
3936:  1 2 9 10
3937:  2 3 10 11
3938:  3 4 0 12 <
3939:  4 5 1 0
3940:  0 6 2 1
3941:  1 0 3 2
3942:  2 1 4 3
3943:  3 2 5 4 <
3944:  4 3 6 5
3945:  0 4 7 6 <
3946:  1 5 8 7
3947:  2 6 9 8
3948:  3 0 10 9 <
3949:  4 1 0 10
3950:  0 2 1 11
3951:  1 3 2 12
3952:  2 4 3 0 <
3953:  3 5 4 1 <
3954:  4 6 5 2
3955:  0 0 6 3 <
3956:  1 1 7 4
3957:  2 2 8 5 <
3958:  3 3 9 6
3959:  4 4 10 7
3960:  0 5 0 8 <
3961:  1 6 1 9
3962:  2 0 2 10
3963:  3 1 3 11
3964:  4 2 4 12
3965:  0 3 5 0 <
3966:  1 4 6 1
3967:  2 5 7 2
3968:  3 6 8 3
3969:  4 0 9 4
3970:  0 1 10 5
3971:  1 2 0 6
3972:  2 3 1 7 <
3973:  3 4 2 8
3974:  4 5 3 9
3975:  0 6 4 10
3976:  1 0 5 11
3977:  2 1 6 12
3978:  3 2 7 0 <
3979:  4 3 8 1
3980:  0 4 9 2
3981:  1 5 10 3
3982:  2 6 0 4
3983:  3 0 1 5 <
3984:  4 1 2 6
3985:  0 2 3 7 <
3986:  1 3 4 8
3987:  2 4 5 9 <
3988:  3 5 6 10 <
3989:  4 6 7 11
3990:  0 0 8 12 <
3991:  1 1 9 0
3992:  2 2 10 1 <
3993:  3 3 0 2
3994:  4 4 1 3
3995:  0 5 2 4
3996:  1 6 3 5
3997:  2 0 4 6 <
3998:  3 1 5 7
3999:  4 2 6 8
4000:  0 3 7 9 <
4001:  1 4 8 10
4002:  2 5 9 11
4003:  3 6 10 12
4004:  4 0 0 0
4005:  0 1 1 1
4006:  1 2 2 2
4007:  2 3 3 3 <
4008:  3 4 4 4 <
4009:  4 5 5 5
4010:  0 6 6 6
4011:  1 0 7 7
4012:  2 1 8 8
4013:  3 2 9 9
4014:  4 3 10 10
4015:  0 4 0 11
4016:  1 5 1 12
4017:  2 6 2 0
4018:  3 0 3 1 <
4019:  4 1 4 2
4020:  0 2 5 3 <
4021:  1 3 6 4
4022:  2 4 7 5 <
4023:  3 5 8 6 <
4024:  4 6 9 7
4025:  0 0 10 8 <
4026:  1 1 0 9
4027:  2 2 1 10 <
4028:  3 3 2 11
4029:  4 4 3 12
4030:  0 5 4 0 <
4031:  1 6 5 1
4032:  2 0 6 2
4033:  3 1 7 3
4034:  4 2 8 4
4035:  0 3 9 5
4036:  1 4 10 6
4037:  2 5 0 7 <
4038:  3 6 1 8
4039:  4 0 2 9
4040:  0 1 3 10
4041:  1 2 4 11
4042:  2 3 5 12 <
4043:  3 4 6 0 <
4044:  4 5 7 1
4045:  0 6 8 2
4046:  1 0 9 3
4047:  2 1 10 4
4048:  3 2 0 5 <
4049:  4 3 1 6
4050:  0 4 2 7
4051:  1 5 3 8
4052:  2 6 4 9
4053:  3 0 5 10 <
4054:  4 1 6 11
4055:  0 2 7 12 <
4056:  1 3 8 0
4057:  2 4 9 1
4058:  3 5 10 2
4059:  4 6 0 3
4060:  0 0 1 4 <
4061:  1 1 2 5
4062:  2 2 3 6 <
4063:  3 3 4 7 <
4064:  4 4 5 8
4065:  0 5 6 9 <
4066:  1 6 7 10
4067:  2 0 8 11
4068:  3 1 9 12
4069:  4 2 10 0
4070:  0 3 0 1 <
4071:  1 4 1 2
4072:  2 5 2 3
4073:  3 6 3 4
4074:  4 0 4 5
4075:  0 1 5 6
4076:  1 2 6 7
4077:  2 3 7 8 <
4078:  3 4 8 9 <
4079:  4 5 9 10
4080:  0 6 10 11
4081:  1 0 0 12
4082:  2 1 1 0
4083:  3 2 2 1
4084:  4 3 3 2
4085:  0 4 4 3 <
4086:  1 5 5 4
4087:  2 6 6 5
4088:  3 0 7 6 <
4089:  4 1 8 7
4090:  0 2 9 8
4091:  1 3 10 9
4092:  2 4 0 10 <
4093:  3 5 1 11
4094:  4 6 2 12
4095:  0 0 3 0 <
4096:  1 1 4 1
4097:  2 2 5 2
4098:  3 3 6 3 <
4099:  4 4 7 4
4100:  0 5 8 5 <
4101:  1 6 9 6
4102:  2 0 10 7 <
4103:  3 1 0 8
4104:  4 2 1 9
4105:  0 3 2 10
4106:  1 4 3 11
4107:  2 5 4 12 <
4108:  3 6 5 0
4109:  4 0 6 1
4110:  0 1 7 2
4111:  1 2 8 3
4112:  2 3 9 4
4113:  3 4 10 5 <
4114:  4 5 0 6
4115:  0 6 1 7
4116:  1 0 2 8
4117:  2 1 3 9
4118:  3 2 4 10 <
4119:  4 3 5 11
4120:  0 4 6 12 <
4121:  1 5 7 0
4122:  2 6 8 1
4123:  3 0 9 2
4124:  4 1 10 3
4125:  0 2 0 4 <
4126:  1 3 1 5
4127:  2 4 2 6
4128:  3 5 3 7 <
4129:  4 6 4 8
4130:  0 0 5 9 <
4131:  1 1 6 10
4132:  2 2 7 11
4133:  3 3 8 12 <
4134:  4 4 9 0
4135:  0 5 10 1 <
4136:  1 6 0 2
4137:  2 0 1 3 <
4138:  3 1 2 4
4139:  4 2 3 5
4140:  0 3 4 6 <
4141:  1 4 5 7
4142:  2 5 6 8 <
4143:  3 6 7 9
4144:  4 0 8 10
4145:  0 1 9 11
4146:  1 2 10 12
4147:  2 3 0 0 <
4148:  3 4 1 1 <
4149:  4 5 2 2
4150:  0 6 3 3
4151:  1 0 4 4
4152:  2 1 5 5
4153:  3 2 6 6 <
4154:  4 3 7 7
4155:  0 4 8 8 <
4156:  1 5 9 9
4157:  2 6 10 10
4158:  3 0 0 11
4159:  4 1 1 12
4160:  0 2 2 0
4161:  1 3 3 1
4162:  2 4 4 2
4163:  3 5 5 3 <
4164:  4 6 6 4
4165:  0 0 7 5 <
4166:  1 1 8 6
4167:  2 2 9 7
4168:  3 3 10 8 <
4169:  4 4 0 9
4170:  0 5 1 10 <
4171:  1 6 2 11
4172:  2 0 3 12 <
4173:  3 1 4 0
4174:  4 2 5 1
4175:  0 3 6 2
4176:  1 4 7 3
4177:  2 5 8 4 <
4178:  3 6 9 5
4179:  4 0 10 6
4180:  0 1 0 7
4181:  1 2 1 8
4182:  2 3 2 9
4183:  3 4 3 10 <
4184:  4 5 4 11
4185:  0 6 5 12
4186:  1 0 6 0
4187:  2 1 7 1
4188:  3 2 8 2
4189:  4 3 9 3
4190:  0 4 10 4 <
4191:  1 5 0 5
4192:  2 6 1 6
4193:  3 0 2 7
4194:  4 1 3 8
4195:  0 2 4 9 <
4196:  1 3 5 10
4197:  2 4 6 11
4198:  3 5 7 12 <
4199:  4 6 8 0
4200:  0 0 9 1
4201:  1 1 10 2
4202:  2 2 0 3 <
4203:  3 3 1 4 <
4204:  4 4 2 5
4205:  0 5 3 6 <
4206:  1 6 4 7
4207:  2 0 5 8 <
4208:  3 1 6 9
4209:  4 2 7 10
4210:  0 3 8 11
4211:  1 4 9 12
4212:  2 5 10 0 <
4213:  3 6 0 1
4214:  4 0 1 2
4215:  0 1 2 3
4216:  1 2 3 4
4217:  2 3 4 5 <
4218:  3 4 5 6 <
4219:  4 5 6 7
4220:  0 6 7 8
4221:  1 0 8 9
4222:  2 1 9 10
4223:  3 2 10 11
4224:  4 3 0 12
4225:  0 4 1 0 <
4226:  1 5 2 1
4227:  2 6 3 2
4228:  3 0 4 3 <
4229:  4 1 5 4
4230:  0 2 6 5 <
4231:  1 3 7 6
4232:  2 4 8 7 <
4233:  3 5 9 8
4234:  4 6 10 9
4235:  0 0 0 10 <
4236:  1 1 1 11
4237:  2 2 2 12
4238:  3 3 3 0 <
4239:  4 4 4 1
4240:  0 5 5 2
4241:  1 6 6 3
4242:  2 0 7 4 <
4243:  3 1 8 5
4244:  4 2 9 6
4245:  0 3 10 7 <
4246:  1 4 0 8
4247:  2 5 1 9 <
4248:  3 6 2 10
4249:  4 0 3 11
4250:  0 1 4 12
4251:  1 2 5 0
4252:  2 3 6 1 <
4253:  3 4 7 2
4254:  4 5 8 3
4255:  0 6 9 4
4256:  1 0 10 5
4257:  2 1 0 6
4258:  3 2 1 7 <
4259:  4 3 2 8
4260:  0 4 3 9 <
4261:  1 5 4 10
4262:  2 6 5 11
4263:  3 0 6 12 <
4264:  4 1 7 0
4265:  0 2 8 1 <
4266:  1 3 9 2
4267:  2 4 10 3 <
4268:  3 5 0 4 <
4269:  4 6 1 5
4270:  0 0 2 6
4271:  1 1 3 7
4272:  2 2 4 8 <
4273:  3 3 5 9 <
4274:  4 4 6 10
4275:  0 5 7 11
4276:  1 6 8 12
4277:  2 0 9 0
4278:  3 1 10 1
4279:  4 2 0 2
4280:  0 3 1 3 <
4281:  1 4 2 4
4282:  2 5 3 5 <
4283:  3 6 4 6
4284:  4 0 5 7
4285:  0 1 6 8
4286:  1 2 7 9
4287:  2 3 8 10 <
4288:  3 4 9 11
4289:  4 5 10 12
4290:  0 6 0 0
4291:  1 0 1 1
4292:  2 1 2 2
4293:  3 2 3 3 <
4294:  4 3 4 4
4295:  0 4 5 5 <
4296:  1 5 6 6
4297:  2 6 7 7
4298:  3 0 8 8 <
4299:  4 1 9 9
4300:  0 2 10 10 <
4301:  1 3 0 11
4302:  2 4 1 12 <
4303:  3 5 2 0
4304:  4 6 3 1
4305:  0 0 4 2
4306:  1 1 5 3
4307:  2 2 6 4 <
4308:  3 3 7 5 <
4309:  4 4 8 6
4310:  0 5 9 7
4311:  1 6 10 8
4312:  2 0 0 9 <
4313:  3 1 1 10
4314:  4 2 2 11
4315:  0 3 3 12 <
4316:  1 4 4 0
4317:  2 5 5 1 <
4318:  3 6 6 2
4319:  4 0 7 3
4320:  0 1 8 4
4321:  1 2 9 5
4322:  2 3 10 6 <
4323:  3 4 0 7 <
4324:  4 5 1 8
4325:  0 6 2 9
4326:  1 0 3 10
4327:  2 1 4 11
4328:  3 2 5 12 <
4329:  4 3 6 0
4330:  0 4 7 1 <
4331:  1 5 8 2
4332:  2 6 9 3
4333:  3 0 10 4 <
4334:  4 1 0 5
4335:  0 2 1 6 <
4336:  1 3 2 7
4337:  2 4 3 8 <
4338:  3 5 4 9 <
4339:  4 6 5 10
4340:  0 0 6 11
4341:  1 1 7 12
4342:  2 2 8 0 <
4343:  3 3 9 1
4344:  4 4 10 2
4345:  0 5 0 3 <
4346:  1 6 1 4
4347:  2 0 2 5
4348:  3 1 3 6
4349:  4 2 4 7
4350:  0 3 5 8 <
4351:  1 4 6 9
4352:  2 5 7 10 <
4353:  3 6 8 11
4354:  4 0 9 12
4355:  0 1 10 0
4356:  1 2 0 1
4357:  2 3 1 2
4358:  3 4 2 3
4359:  4 5 3 4
4360:  0 6 4 5
4361:  1 0 5 6
4362:  2 1 6 7
4363:  3 2 7 8 <
4364:  4 3 8 9
4365:  0 4 9 10
4366:  1 5 10 11
4367:  2 6 0 12
4368:  3 0 1 0 <
4369:  4 1 2 1
4370:  0 2 3 2
4371:  1 3 4 3
4372:  2 4 5 4 <
4373:  3 5 6 5 <
4374:  4 6 7 6
4375:  0 0 8 7 <
4376:  1 1 9 8
4377:  2 2 10 9 <
4378:  3 3 0 10 <
4379:  4 4 1 11
4380:  0 5 2 12
4381:  1 6 3 0
4382:  2 0 4 1 <
4383:  3 1 5 2
4384:  4 2 6 3
4385:  0 3 7 4 <
4386:  1 4 8 5
4387:  2 5 9 6
4388:  3 6 10 7
4389:  4 0 0 8
4390:  0 1 1 9
4391:  1 2 2 10
4392:  2 3 3 11
4393:  3 4 4 12 <
4394:  4 5 5 0
4395:  0 6 6 1
4396:  1 0 7 2
4397:  2 1 8 3
4398:  3 2 9 4
4399:  4 3 10 5
4400:  0 4 0 6 <
4401:  1 5 1 7
4402:  2 6 2 8
4403:  3 0 3 9 <
4404:  4 1 4 10
4405:  0 2 5 11
4406:  1 3 6 12
4407:  2 4 7 0 <
4408:  3 5 8 1 <
4409:  4 6 9 2
4410:  0 0 10 3 <
4411:  1 1 0 4
4412:  2 2 1 5 <
4413:  3 3 2 6
4414:  4 4 3 7
4415:  0 5 4 8 <
4416:  1 6 5 9
4417:  2 0 6 10 <
4418:  3 1 7 11
4419:  4 2 8 12
4420:  0 3 9 0
4421:  1 4 10 1
4422:  2 5 0 2
4423:  3 6 1 3
4424:  4 0 2 4
4425:  0 1 3 5
4426:  1 2 4 6
4427:  2 3 5 7 <
4428:  3 4 6 8 <
4429:  4 5 7 9
4430:  0 6 8 10
4431:  1 0 9 11
4432:  2 1 10 12
4433:  3 2 0 0 <
4434:  4 3 1 1
4435:  0 4 2 2
4436:  1 5 3 3
4437:  2 6 4 4
4438:  3 0 5 5 <
4439:  4 1 6 6
4440:  0 2 7 7 <
4441:  1 3 8 8
4442:  2 4 9 9
4443:  3 5 10 10 <
4444:  4 6 0 11
4445:  0 0 1 12 <
4446:  1 1 2 0
4447:  2 2 3 1 <
4448:  3 3 4 2
4449:  4 4 5 3
4450:  0 5 6 4 <
4451:  1 6 7 5
4452:  2 0 8 6 <
4453:  3 1 9 7
4454:  4 2 10 8
4455:  0 3 0 9 <
4456:  1 4 1 10
4457:  2 5 2 11
4458:  3 6 3 12
4459:  4 0 4 0
4460:  0 1 5 1
4461:  1 2 6 2
4462:  2 3 7 3 <
4463:  3 4 8 4 <
4464:  4 5 9 5
4465:  0 6 10 6
4466:  1 0 0 7
4467:  2 1 1 8
4468:  3 2 2 9
4469:  4 3 3 10
4470:  0 4 4 11
4471:  1 5 5 12
4472:  2 6 6 0
4473:  3 0 7 1 <
4474:  4 1 8 2
4475:  0 2 9 3
4476:  1 3 10 4
4477:  2 4 0 5 <
4478:  3 5 1 6 <
4479:  4 6 2 7
4480:  0 0 3 8 <
4481:  1 1 4 9
4482:  2 2 5 10 <
4483:  3 3 6 11
4484:  4 4 7 12
4485:  0 5 8 0 <
4486:  1 6 9 1
4487:  2 0 10 2
4488:  3 1 0 3
4489:  4 2 1 4
4490:  0 3 2 5
4491:  1 4 3 6
4492:  2 5 4 7 <
4493:  3 6 5 8
4494:  4 0 6 9
4495:  0 1 7 10
4496:  1 2 8 11
4497:  2 3 9 12
4498:  3 4 10 0 <
4499:  4 5 0 1
4500:  0 6 1 2
4501:  1 0 2 3
4502:  2 1 3 4
4503:  3 2 4 5 <
4504:  4 3 5 6
4505:  0 4 6 7 <
4506:  1 5 7 8
4507:  2 6 8 9
4508:  3 0 9 10
4509:  4 1 10 11
4510:  0 2 0 12 <
4511:  1 3 1 0
4512:  2 4 2 1
4513:  3 5 3 2
4514:  4 6 4 3
4515:  0 0 5 4 <
4516:  1 1 6 5
4517:  2 2 7 6 <
4518:  3 3 8 7 <
4519:  4 4 9 8
4520:  0 5 10 9 <
4521:  1 6 0 10
4522:  2 0 1 11
4523:  3 1 2 12
4524:  4 2 3 0
4525:  0 3 4 1 <
4526:  1 4 5 2
4527:  2 5 6 3 <
4528:  3 6 7 4
4529:  4 0 8 5
4530:  0 1 9 6
4531:  1 2 10 7
4532:  2 3 0 8 <
4533:  3 4 1 9 <
4534:  4 5 2 10
4535:  0 6 3 11
4536:  1 0 4 12
4537:  2 1 5 0
4538:  3 2 6 1 <
4539:  4 3 7 2
4540:  0 4 8 3 <
4541:  1 5 9 4
4542:  2 6 10 5
4543:  3 0 0 6 <
4544:  4 1 1 7
4545:  0 2 2 8
4546:  1 3 3 9
4547:  2 4 4 10 <
4548:  3 5 5 11
4549:  4 6 6 12
4550:  0 0 7 0 <
4551:  1 1 8 1
4552:  2 2 9 2
4553:  3 3 10 3 <
4554:  4 4 0 4
4555:  0 5 1 5 <
4556:  1 6 2 6
4557:  2 0 3 7 <
4558:  3 1 4 8
4559:  4 2 5 9
4560:  0 3 6 10 <
4561:  1 4 7 11
4562:  2 5 8 12 <
4563:  3 6 9 0
4564:  4 0 10 1
4565:  0 1 0 2
4566:  1 2 1 3
4567:  2 3 2 4
4568:  3 4 3 5 <
4569:  4 5 4 6
4570:  0 6 5 7
4571:  1 0 6 8
4572:  2 1 7 9
4573:  3 2 8 10 <
4574:  4 3 9 11
4575:  0 4 10 12 <
4576:  1 5 0 0
4577:  2 6 1 1
4578:  3 0 2 2
4579:  4 1 3 3
4580:  0 2 4 4 <
4581:  1 3 5 5
4582:  2 4 6 6 <
4583:  3 5 7 7 <
4584:  4 6 8 8
4585:  0 0 9 9
4586:  1 1 10 10
4587:  2 2 0 11
4588:  3 3 1 12 <
4589:  4 4 2 0
4590:  0 5 3 1 <
4591:  1 6 4 2
4592:  2 0 5 3 <
4593:  3 1 6 4
4594:  4 2 7 5
4595:  0 3 8 6 <
4596:  1 4 9 7
4597:  2 5 10 8 <
4598:  3 6 0 9
4599:  4 0 1 10
4600:  0 1 2 11
4601:  1 2 3 12
4602:  2 3 4 0 <
4603:  3 4 5 1 <
4604:  4 5 6 2
4605:  0 6 7 3
4606:  1 0 8 4
4607:  2 1 9 5
4608:  3 2 10 6 <
4609:  4 3 0 7
4610:  0 4 1 8 <
4611:  1 5 2 9
4612:  2 6 3 10
4613:  3 0 4 11
4614:  4 1 5 12
4615:  0 2 6 0 <
4616:  1 3 7 1
4617:  2 4 8 2
4618:  3 5 9 3
4619:  4 6 10 4
4620:  0 0 0 5 <
4621:  1 1 1 6
4622:  2 2 2 7
4623:  3 3 3 8 <
4624:  4 4 4 9
4625:  0 5 5 10 <
4626:  1 6 6 11
4627:  2 0 7 12 <
4628:  3 1 8 0
4629:  4 2 9 1
4630:  0 3 10 2
4631:  1 4 0 3
4632:  2 5 1 4 <
4633:  3 6 2 5
4634:  4 0 3 6
4635:  0 1 4 7
4636:  1 2 5 8
4637:  2 3 6 9 <
4638:  3 4 7 10 <
4639:  4 5 8 11
4640:  0 6 9 12
4641:  1 0 10 0
4642:  2 1 0 1
4643:  3 2 1 2
4644:  4 3 2 3
4645:  0 4 3 4 <
4646:  1 5 4 5
4647:  2 6 5 6
4648:  3 0 6 7 <
4649:  4 1 7 8
4650:  0 2 8 9 <
4651:  1 3 9 10
4652:  2 4 10 11
4653:  3 5 0 12 <
4654:  4 6 1 0
4655:  0 0 2 1
4656:  1 1 3 2
4657:  2 2 4 3 <
4658:  3 3 5 4 <
4659:  4 4 6 5
4660:  0 5 7 6 <
4661:  1 6 8 7
4662:  2 0 9 8
4663:  3 1 10 9
4664:  4 2 0 10
4665:  0 3 1 11
4666:  1 4 2 12
4667:  2 5 3 0 <
4668:  3 6 4 1
4669:  4 0 5 2
4670:  0 1 6 3
4671:  1 2 7 4
4672:  2 3 8 5 <
4673:  3 4 9 6
4674:  4 5 10 7
4675:  0 6 0 8
4676:  1 0 1 9
4677:  2 1 2 10
4678:  3 2 3 11
4679:  4 3 4 12
4680:  0 4 5 0 <
4681:  1 5 6 1
4682:  2 6 7 2
4683:  3 0 8 3 <
4684:  4 1 9 4
4685:  0 2 10 5 <
4686:  1 3 0 6
4687:  2 4 1 7 <
4688:  3 5 2 8
4689:  4 6 3 9
4690:  0 0 4 10 <
4691:  1 1 5 11
4692:  2 2 6 12 <
4693:  3 3 7 0 <
4694:  4 4 8 1
4695:  0 5 9 2
4696:  1 6 10 3
4697:  2 0 0 4 <
4698:  3 1 1 5
4699:  4 2 2 6
4700:  0 3 3 7 <
4701:  1 4 4 8
4702:  2 5 5 9 <
4703:  3 6 6 10
4704:  4 0 7 11
4705:  0 1 8 12
4706:  1 2 9 0
4707:  2 3 10 1 <
4708:  3 4 0 2
4709:  4 5 1 3
4710:  0 6 2 4
4711:  1 0 3 5
4712:  2 1 4 6
4713:  3 2 5 7 <
4714:  4 3 6 8
4715:  0 4 7 9 <
4716:  1 5 8 10
4717:  2 6 9 11
4718:  3 0 10 12 <
4719:  4 1 0 0
4720:  0 2 1 1 <
4721:  1 3 2 2
4722:  2 4 3 3 <
4723:  3 5 4 4 <
4724:  4 6 5 5
4725:  0 0 6 6 <
4726:  1 1 7 7
4727:  2 2 8 8 <
4728:  3 3 9 9
4729:  4 4 10 10
4730:  0 5 0 11
4731:  1 6 1 12
4732:  2 0 2 0
4733:  3 1 3 1
4734:  4 2 4 2
4735:  0 3 5 3 <
4736:  1 4 6 4
4737:  2 5 7 5 <
4738:  3 6 8 6
4739:  4 0 9 7
4740:  0 1 10 8
4741:  1 2 0 9
4742:  2 3 1 10 <
4743:  3 4 2 11
4744:  4 5 3 12
4745:  0 6 4 0
4746:  1 0 5 1
4747:  2 1 6 2
4748:  3 2 7 3 <
4749:  4 3 8 4
4750:  0 4 9 5
4751:  1 5 10 6
4752:  2 6 0 7
4753:  3 0 1 8 <
4754:  4 1 2 9
4755:  0 2 3 10 <
4756:  1 3 4 11
4757:  2 4 5 12 <
4758:  3 5 6 0 <
4759:  4 6 7 1
4760:  0 0 8 2
4761:  1 1 9 3
4762:  2 2 10 4 <
4763:  3 3 0 5 <
4764:  4 4 1 6
4765:  0 5 2 7
4766:  1 6 3 8
4767:  2 0 4 9 <
4768:  3 1 5 10
4769:  4 2 6 11
4770:  0 3 7 12 <
4771:  1 4 8 0
4772:  2 5 9 1
4773:  3 6 10 2
4774:  4 0 0 3
4775:  0 1 1 4
4776:  1 2 2 5
4777:  2 3 3 6 <
4778:  3 4 4 7 <
4779:  4 5 5 8
4780:  0 6 6 9
4781:  1 0 7 10
4782:  2 1 8 11
4783:  3 2 9 12
4784:  4 3 10 0
4785:  0 4 0 1 <
4786:  1 5 1 2
4787:  2 6 2 3
4788:  3 0 3 4 <
4789:  4 1 4 5
4790:  0 2 5 6 <
4791:  1 3 6 7
4792:  2 4 7 8 <
4793:  3 5 8 9 <
4794:  4 6 9 10
4795:  0 0 10 11
4796:  1 1 0 12
4797:  2 2 1 0 <
4798:  3 3 2 1
4799:  4 4 3 2
4800:  0 5 4 3 <
4801:  1 6 5 4
4802:  2 0 6 5 <
4803:  3 1 7 6
4804:  4 2 8 7
4805:  0 3 9 8
4806:  1 4 10 9
4807:  2 5 0 10 <
4808:  3 6 1 11
4809:  4 0 2 12
4810:  0 1 3 0
4811:  1 2 4 1
4812:  2 3 5 2
4813:  3 4 6 3 <
4814:  4 5 7 4
4815:  0 6 8 5
4816:  1 0 9 6
4817:  2 1 10 7
4818:  3 2 0 8 <
4819:  4 3 1 9
4820:  0 4 2 10
4821:  1 5 3 11
4822:  2 6 4 12
4823:  3 0 5 0 <
4824:  4 1 6 1
4825:  0 2 7 2
4826:  1 3 8 3
4827:  2 4 9 4
4828:  3 5 10 5 <
4829:  4 6 0 6
4830:  0 0 1 7 <
4831:  1 1 2 8
4832:  2 2 3 9 <
4833:  3 3 4 10 <
4834:  4 4 5 11
4835:  0 5 6 12 <
4836:  1 6 7 0
4837:  2 0 8 1 <
4838:  3 1 9 2
4839:  4 2 10 3
4840:  0 3 0 4 <
4841:  1 4 1 5
4842:  2 5 2 6
4843:  3 6 3 7
4844:  4 0 4 8
4845:  0 1 5 9
4846:  1 2 6 10
4847:  2 3 7 11
4848:  3 4 8 12 <
4849:  4 5 9 0
4850:  0 6 10 1
4851:  1 0 0 2
4852:  2 1 1 3
4853:  3 2 2 4
4854:  4 3 3 5
4855:  0 4 4 6 <
4856:  1 5 5 7
4857:  2 6 6 8
4858:  3 0 7 9 <
4859:  4 1 8 10
4860:  0 2 9 11
4861:  1 3 10 12
4862:  2 4 0 0 <
4863:  3 5 1 1 <
4864:  4 6 2 2
4865:  0 0 3 3 <
4866:  1 1 4 4
4867:  2 2 5 5 <
4868:  3 3 6 6 <
4869:  4 4 7 7
4870:  0 5 8 8 <
4871:  1 6 9 9
4872:  2 0 10 10 <
4873:  3 1 0 11
4874:  4 2 1 12
4875:  0 3 2 0
4876:  1 4 3 1
4877:  2 5 4 2
4878:  3 6 5 3
4879:  4 0 6 4
4880:  0 1 7 5
4881:  1 2 8 6
4882:  2 3 9 7
4883:  3 4 10 8 <
4884:  4 5 0 9
4885:  0 6 1 10
4886:  1 0 2 11
4887:  2 1 3 12
4888:  3 2 4 0 <
4889:  4 3 5 1
4890:  0 4 6 2
4891:  1 5 7 3
4892:  2 6 8 4
4893:  3 0 9 5
4894:  4 1 10 6
4895:  0 2 0 7 <
4896:  1 3 1 8
4897:  2 4 2 9
4898:  3 5 3 10 <
4899:  4 6 4 11
4900:  0 0 5 12 <
4901:  1 1 6 0
4902:  2 2 7 1 <
4903:  3 3 8 2
4904:  4 4 9 3
4905:  0 5 10 4 <
4906:  1 6 0 5
4907:  2 0 1 6 <
4908:  3 1 2 7
4909:  4 2 3 8
4910:  0 3 4 9 <
4911:  1 4 5 10
4912:  2 5 6 11
4913:  3 6 7 12
4914:  4 0 8 0
4915:  0 1 9 1
4916:  1 2 10 2
4917:  2 3 0 3 <
4918:  3 4 1 4 <
4919:  4 5 2 5
4920:  0 6 3 6
4921:  1 0 4 7
4922:  2 1 5 8
4923:  3 2 6 9 <
4924:  4 3 7 10
4925:  0 4 8 11
4926:  1 5 9 12
4927:  2 6 10 0
4928:  3 0 0 1 <
4929:  4 1 1 2
4930:  0 2 2 3
4931:  1 3 3 4
4932:  2 4 4 5 <
4933:  3 5 5 6 <
4934:  4 6 6 7
4935:  0 0 7 8 <
4936:  1 1 8 9
4937:  2 2 9 10
4938:  3 3 10 11
4939:  4 4 0 12
4940:  0 5 1 0 <
4941:  1 6 2 1
4942:  2 0 3 2
4943:  3 1 4 3
4944:  4 2 5 4
4945:  0 3 6 5 <
4946:  1 4 7 6
4947:  2 5 8 7 <
4948:  3 6 9 8
4949:  4 0 10 9
4950:  0 1 0 10
4951:  1 2 1 11
4952:  2 3 2 12
4953:  3 4 3 0 <
4954:  4 5 4 1
4955:  0 6 5 2
4956:  1 0 6 3
4957:  2 1 7 4
4958:  3 2 8 5 <
4959:  4 3 9 6
4960:  0 4 10 7 <
4961:  1 5 0 8
4962:  2 6 1 9
4963:  3 0 2 10
4964:  4 1 3 11
4965:  0 2 4 12 <
4966:  1 3 5 0
4967:  2 4 6 1 <
4968:  3 5 7 2
4969:  4 6 8 3
4970:  0 0 9 4
4971:  1 1 10 5
4972:  2 2 0 6 <
4973:  3 3 1 7 <
4974:  4 4 2 8
4975:  0 5 3 9 <
4976:  1 6 4 10
4977:  2 0 5 11
4978:  3 1 6 12
4979:  4 2 7 0
4980:  0 3 8 1 <
4981:  1 4 9 2
4982:  2 5 10 3 <
4983:  3 6 0 4
4984:  4 0 1 5
4985:  0 1 2 6
4986:  1 2 3 7
4987:  2 3 4 8 <
4988:  3 4 5 9 <
4989:  4 5 6 10
4990:  0 6 7 11
4991:  1 0 8 12
4992:  2 1 9 0
4993:  3 2 10 1 <
4994:  4 3 0 2
4995:  0 4 1 3 <
4996:  1 5 2 4
4997:  2 6 3 5
4998:  3 0 4 6 <
4999:  4 1 5 7
5000:  0 2 6 8 <
5001:  1 3 7 9
5002:  2 4 8 10 <
5003:  3 5 9 11
5004:  4 6 10 12
5005:  0 0 0 0 <
Max chain length: 10
Average gap between valid combos: 2.3703703703703702
Max chain start: 123